Executing C:\Users\astrolab-admin\Documents\Zemax\MACROS\AndrewTest.ZPL.
    0.97000000    0.00011094   -0.00023066
    0.97000000    0.00011229   -0.05327127
    0.97000000    0.00011746   -0.10732449
    0.97000000    0.00011746   -0.10732449
    0.97000000    0.00013194   -0.16513279
    1.00000000    0.00009063   -0.00016429
    1.00000000    0.00009171   -0.05325977
    1.00000000    0.00009571   -0.10736112
    1.00000000    0.00009571   -0.10736112
    1.00000000    0.00010682   -0.16520094
    1.15000000   -0.00000420    0.00014762
    1.15000000   -0.00000414   -0.05305174
    1.15000000   -0.00000465   -0.10722081
    1.15000000   -0.00000465   -0.10722081
    1.15000000   -0.00000659   -0.16504216
    1.25000000   -0.00006140    0.00034585
    1.25000000   -0.00006180   -0.05279970
    1.25000000   -0.00006441   -0.10688834
    1.25000000   -0.00006441   -0.10688834
    1.25000000   -0.00007260   -0.16456762
    1.31000000   -0.00009378    0.00046363
    1.31000000   -0.00009439   -0.05261230
    1.31000000   -0.00009802   -0.10661431
    1.31000000   -0.00009802   -0.10661431
    1.31000000   -0.00010931   -0.16416799
    0.97000000    0.00011081    0.00019749
    0.97000000    0.00011214   -0.05283843
    0.97000000    0.00011724   -0.10686567
    0.97000000    0.00011724   -0.10686567
    0.97000000    0.00013157   -0.16458508
    1.00000000    0.00009053    0.00021006
    1.00000000    0.00009160   -0.05288103
    1.00000000    0.00009556   -0.10695770
    1.00000000    0.00009556   -0.10695770
    1.00000000    0.00010658   -0.16471277
    1.15000000   -0.00000418    0.00030792
    1.15000000   -0.00000409   -0.05288823
    1.15000000   -0.00000455   -0.10703792
    1.15000000   -0.00000455   -0.10703792
    1.15000000   -0.00000640   -0.16479108
    1.25000000   -0.00006131    0.00040234
    1.25000000   -0.00006168   -0.05274057
    1.25000000   -0.00006421   -0.10681244
    1.25000000   -0.00006421   -0.10681244
    1.25000000   -0.00007224   -0.16443162
    1.31000000   -0.00009365    0.00046880
    1.31000000   -0.00009423   -0.05260478
    1.31000000   -0.00009778   -0.10659132
    1.31000000   -0.00009778   -0.10659132
    1.31000000   -0.00010887   -0.16408891
    0.97000000    0.00011047    0.00070668
    0.97000000    0.00011177   -0.05232522
    0.97000000    0.00011680   -0.10632587
    0.97000000    0.00011680   -0.10632587
    0.97000000    0.00013092   -0.16395229
    1.00000000    0.00009027    0.00064635
    1.00000000    0.00009132   -0.05244113
    1.00000000    0.00009523   -0.10649324
    1.00000000    0.00009523   -0.10649324
    1.00000000    0.00010613   -0.16416177
    1.15000000   -0.00000411    0.00045621
    1.15000000   -0.00000400   -0.05273803
    1.15000000   -0.00000442   -0.10687107
    1.15000000   -0.00000442   -0.10687107
    1.15000000   -0.00000618   -0.16456316
    1.25000000   -0.00006107    0.00041183
    1.25000000   -0.00006140   -0.05272999
    1.25000000   -0.00006387   -0.10678901
    1.25000000   -0.00006387   -0.10678901
    1.25000000   -0.00007175   -0.16435929
    1.31000000   -0.00009333    0.00040983
    1.31000000   -0.00009386   -0.05266306
    1.31000000   -0.00009734   -0.10663861
    1.31000000   -0.00009734   -0.10663861
    1.31000000   -0.00010825   -0.16409328
    0.97000000    0.00010945    0.00074827
    0.97000000    0.00011074   -0.05228453
    0.97000000    0.00011570   -0.10627151
    0.97000000    0.00011570   -0.10627151
    0.97000000    0.00012966   -0.16384099
    1.00000000    0.00008949    0.00073140
    1.00000000    0.00009053   -0.05235659
    1.00000000    0.00009439   -0.10639255
    1.00000000    0.00009439   -0.10639255
    1.00000000    0.00010517   -0.16399547
    1.15000000   -0.00000389    0.00070327
    1.15000000   -0.00000374   -0.05249008
    1.15000000   -0.00000411   -0.10659810
    1.15000000   -0.00000411   -0.10659810
    1.15000000   -0.00000572   -0.16419267
    1.25000000   -0.00006034    0.00073277
    1.25000000   -0.00006060   -0.05240765
    1.25000000   -0.00006295   -0.10643794
    1.25000000   -0.00006295   -0.10643794
    1.25000000   -0.00007051   -0.16389664
    1.31000000   -0.00009233    0.00076644
    1.31000000   -0.00009279   -0.05230487
    1.31000000   -0.00009610   -0.10625006
    1.31000000   -0.00009610   -0.10625006
    1.31000000   -0.00010660   -0.16358658
    0.97000000    0.00010812    0.00102200
    0.97000000    0.00010937   -0.05201212
    0.97000000    0.00011423   -0.10598146
    0.97000000    0.00011423   -0.10598146
    0.97000000    0.00012793   -0.16347761
    1.00000000    0.00008846    0.00099421
    1.00000000    0.00008949   -0.05209512
    1.00000000    0.00009328   -0.10611306
    1.00000000    0.00009328   -0.10611306
    1.00000000    0.00010387   -0.16364099
    1.15000000   -0.00000360    0.00091745
    1.15000000   -0.00000343   -0.05227745
    1.15000000   -0.00000374   -0.10636650
    1.15000000   -0.00000374   -0.10636650
    1.15000000   -0.00000524   -0.16388076
    1.25000000   -0.00005938    0.00092111
    1.25000000   -0.00005959   -0.05222104
    1.25000000   -0.00006183   -0.10623222
    1.25000000   -0.00006183   -0.10623222
    1.25000000   -0.00006912   -0.16360876
    1.31000000   -0.00009103    0.00094158
    1.31000000   -0.00009143   -0.05213157
    1.31000000   -0.00009460   -0.10605767
    1.31000000   -0.00009460   -0.10605767
    1.31000000   -0.00010476   -0.16331131
    0.97000000    0.00010574    0.00103546
    0.97000000    0.00010696   -0.05200557
    0.97000000    0.00011169   -0.10596663
    0.97000000    0.00011169   -0.10596663
    0.97000000    0.00012507   -0.16341009
    1.00000000    0.00008664    0.00106434
    1.00000000    0.00008764   -0.05203153
    1.00000000    0.00009134   -0.10603836
    1.00000000    0.00009134   -0.10603836
    1.00000000    0.00010167   -0.16350341
    1.15000000   -0.00000309    0.00120000
    1.15000000   -0.00000289   -0.05200022
    1.15000000   -0.00000315   -0.10606812
    1.15000000   -0.00000315   -0.10606812
    1.15000000   -0.00000450   -0.16348240
    1.25000000   -0.00005767    0.00130105
    1.25000000   -0.00005782   -0.05184602
    1.25000000   -0.00005991   -0.10583194
    1.25000000   -0.00005991   -0.10583194
    1.25000000   -0.00006681   -0.16309233
    1.31000000   -0.00008871    0.00136862
    1.31000000   -0.00008903   -0.05170931
    1.31000000   -0.00009201   -0.10560837
    1.31000000   -0.00009201   -0.10560837
    1.31000000   -0.00010165   -0.16273835
    0.97000000    0.00010365    0.00159059
    0.97000000    0.00010481   -0.05145410
    0.97000000    0.00010939   -0.10539363
    0.97000000    0.00010939   -0.10539363
    0.97000000    0.00012235   -0.16274222
    1.00000000    0.00008503    0.00154836
    1.00000000    0.00008600   -0.05155165
    1.00000000    0.00008958   -0.10553881
    1.00000000    0.00008958   -0.10553881
    1.00000000    0.00009961   -0.16291460
    1.15000000   -0.00000264    0.00140139
    1.15000000   -0.00000242   -0.05180489
    1.15000000   -0.00000265   -0.10586039
    1.15000000   -0.00000265   -0.10586039
    1.15000000   -0.00000391   -0.16320749
    1.25000000   -0.00005616    0.00136548
    1.25000000   -0.00005628   -0.05178856
    1.25000000   -0.00005828   -0.10576557
    1.25000000   -0.00005828   -0.10576557
    1.25000000   -0.00006492   -0.16296934
    1.31000000   -0.00008667    0.00136538
    1.31000000   -0.00008695   -0.05171998
    1.31000000   -0.00008981   -0.10561184
    1.31000000   -0.00008981   -0.10561184
    1.31000000   -0.00009913   -0.16269040
    0.97000000    0.00010011    0.00185346
    0.97000000    0.00010120   -0.05120291
    0.97000000    0.00010557   -0.10513258
    0.97000000    0.00010557   -0.10513258
    0.97000000    0.00011799   -0.16240903
    1.00000000    0.00008231    0.00181880
    1.00000000    0.00008322   -0.05129295
    1.00000000    0.00008664   -0.10526925
    1.00000000    0.00008664   -0.10526925
    1.00000000    0.00009627   -0.16256861
    1.15000000   -0.00000188    0.00169282
    1.15000000   -0.00000165   -0.05152558
    1.15000000   -0.00000183   -0.10556705
    1.15000000   -0.00000183   -0.10556705
    1.15000000   -0.00000297   -0.16282285
    1.25000000   -0.00005360    0.00166316
    1.25000000   -0.00005368   -0.05150329
    1.25000000   -0.00005554   -0.10546524
    1.25000000   -0.00005554   -0.10546524
    1.25000000   -0.00006179   -0.16257172
    1.31000000   -0.00008321    0.00166541
    1.31000000   -0.00008343   -0.05143254
    1.31000000   -0.00008611   -0.10530899
    1.31000000   -0.00008611   -0.10530899
    1.31000000   -0.00009488   -0.16228762
    0.97000000    0.00009581    0.00226349
    0.97000000    0.00009682   -0.05080840
    0.97000000    0.00010091   -0.10472794
    0.97000000    0.00010091   -0.10472794
    0.97000000    0.00011263   -0.16192044
    1.00000000    0.00007901    0.00220975
    1.00000000    0.00007985   -0.05091781
    1.00000000    0.00008306   -0.10488393
    1.00000000    0.00008306   -0.10488393
    1.00000000    0.00009215   -0.16209800
    1.15000000   -0.00000095    0.00200052
    1.15000000   -0.00000072   -0.05123496
    1.15000000   -0.00000088   -0.10526660
    1.15000000   -0.00000088   -0.10526660
    1.15000000   -0.00000191   -0.16243353
    1.25000000   -0.00005049    0.00192730
    1.25000000   -0.00005054   -0.05125691
    1.25000000   -0.00005227   -0.10520959
    1.25000000   -0.00005227   -0.10520959
    1.25000000   -0.00005810   -0.16222637
    1.31000000   -0.00007900    0.00190743
    1.31000000   -0.00007918   -0.05120864
    1.31000000   -0.00008167   -0.10507622
    1.31000000   -0.00008167   -0.10507622
    1.31000000   -0.00008988   -0.16196498
    0.97000000    0.00008891    0.00228435
    0.97000000    0.00008978   -0.05082016
    0.97000000    0.00009347   -0.10475052
    0.97000000    0.00009347   -0.10475052
    0.97000000    0.00010411   -0.16189253
    1.00000000    0.00007371    0.00232012
    1.00000000    0.00007443   -0.05083997
    1.00000000    0.00007731   -0.10481329
    1.00000000    0.00007731   -0.10481329
    1.00000000    0.00008555   -0.16196272
    1.15000000    0.00000054    0.00244622
    1.15000000    0.00000074   -0.05082177
    1.15000000    0.00000058   -0.10484823
    1.15000000    0.00000058   -0.10484823
    1.15000000   -0.00000032   -0.16189988
    1.25000000   -0.00004549    0.00252665
    1.25000000   -0.00004553   -0.05069033
    1.25000000   -0.00004707   -0.10463298
    1.25000000   -0.00004707   -0.10463298
    1.25000000   -0.00005226   -0.16151298
    1.31000000   -0.00007224    0.00258107
    1.31000000   -0.00007238   -0.05056797
    1.31000000   -0.00007460   -0.10442350
    1.31000000   -0.00007460   -0.10442350
    1.31000000   -0.00008190   -0.16116563
    0.97000000    0.00008174    0.00271166
    0.97000000    0.00008243   -0.05043240
    0.97000000    0.00008559   -0.10437077
    0.97000000    0.00008559   -0.10437077
    0.97000000    0.00009483   -0.16143183
    1.00000000    0.00006819    0.00275549
    1.00000000    0.00006875   -0.05044470
    1.00000000    0.00007121   -0.10442530
    1.00000000    0.00007121   -0.10442530
    1.00000000    0.00007835   -0.16148901
    1.15000000    0.00000210    0.00289951
    1.15000000    0.00000223   -0.05041094
    1.15000000    0.00000206   -0.10444296
    1.15000000    0.00000206   -0.10444296
    1.15000000    0.00000125   -0.16139337
    1.25000000   -0.00004028    0.00298248
    1.25000000   -0.00004033   -0.05027820
    1.25000000   -0.00004171   -0.10422632
    1.25000000   -0.00004171   -0.10422632
    1.25000000   -0.00004625   -0.16099941
    1.31000000   -0.00006519    0.00303702
    1.31000000   -0.00006534   -0.05015637
    1.31000000   -0.00006730   -0.10401754
    1.31000000   -0.00006730   -0.10401754
    1.31000000   -0.00007367   -0.16065047
    0.97000000    0.00007487    0.00342912
    0.97000000    0.00007533   -0.04977027
    0.97000000    0.00007776   -0.10372349
    0.97000000    0.00007776   -0.10372349
    0.97000000    0.00008501   -0.16068577
    1.00000000    0.00006286    0.00343637
    1.00000000    0.00006324   -0.04982022
    1.00000000    0.00006511   -0.10381653
    1.00000000    0.00006511   -0.10381653
    1.00000000    0.00007070   -0.16078129
    1.15000000    0.00000362    0.00342213
    1.15000000    0.00000366   -0.04994895
    1.15000000    0.00000346   -0.10400083
    1.15000000    0.00000346   -0.10400083
    1.15000000    0.00000275   -0.16085405
    1.25000000   -0.00003520    0.00342282
    1.25000000   -0.00003531   -0.04990055
    1.25000000   -0.00003647   -0.10387103
    1.25000000   -0.00003647   -0.10387103
    1.25000000   -0.00004017   -0.16054908
    1.31000000   -0.00005836    0.00343566
    1.31000000   -0.00005854   -0.04982145
    1.31000000   -0.00006018   -0.10370638
    1.31000000   -0.00006018   -0.10370638
    1.31000000   -0.00006536   -0.16024568
    0.97000000    0.00008272    0.00394155
    0.97000000    0.00008303   -0.04936024
    0.97000000    0.00008380   -0.10337200
    0.97000000    0.00008380   -0.10337200
    0.97000000    0.00008562   -0.16027326
    1.00000000    0.00006860    0.00400317
    1.00000000    0.00006888   -0.04935719
    1.00000000    0.00006954   -0.10341063
    1.00000000    0.00006954   -0.10341063
    1.00000000    0.00007102   -0.16030421
    1.15000000    0.00000210    0.00417735
    1.15000000    0.00000230   -0.04930326
    1.15000000    0.00000246   -0.10340888
    1.15000000    0.00000246   -0.10340888
    1.15000000    0.00000245   -0.16015755
    1.25000000   -0.00004026    0.00425726
    1.25000000   -0.00004009   -0.04917858
    1.25000000   -0.00004021   -0.10320250
    1.25000000   -0.00004021   -0.10320250
    1.25000000   -0.00004108   -0.15976356
    1.31000000   -0.00006545    0.00430700
    1.31000000   -0.00006530   -0.04906406
    1.31000000   -0.00006557   -0.10300268
    1.31000000   -0.00006557   -0.10300268
    1.31000000   -0.00006692   -0.15941983
All configs done!
Elapsed time 452.9 seconds.
