    1.29380000  -19.12743092  -20.81926135
    1.29380000  -19.63731725  -20.64691381
    1.29380000  -19.38103504  -20.27589554
    1.29510000  -19.27111382  -16.72511202
    1.29510000  -19.78046317  -16.54439122
    1.29510000  -19.52453407  -16.15366918
    1.29625000  -19.39844802  -12.91617199
    1.29625000  -19.90739584  -12.72672140
    1.29625000  -19.65174402  -12.31555893
    1.29745000  -19.53164261   -8.72084758
    1.29745000  -20.04025748   -8.52054765
    1.29745000  -19.78485565   -8.08410705
    1.29882000  -19.68426832   -3.59819617
    1.29882000  -20.19263238   -3.38252894
    1.29882000  -19.93745993   -2.91047703
    1.30024000  -19.84336028    2.18447931
    1.30024000  -20.35164853    2.42103682
    1.30024000  -20.09663979    2.94123170
    1.30167000  -20.00492826    8.65997959
    1.30167000  -20.51339685    8.92592986
    1.30167000  -20.25846083    9.51354990
    1.30290000  -20.14554646   14.97070591
    1.30290000  -20.65446848   15.27397881
    1.30290000  -20.39950543   15.94703673
    1.30365000  -20.23240332   19.29983162
    1.30365000  -20.74180175   19.63580757
    1.30365000  -20.48677628   20.38383008
    1.28260000  -17.77761941  -20.66787327
    1.28260000  -18.28775122  -20.49512424
    1.28260000  -18.03143191  -20.12328615
    1.28383000  -17.91420262  -16.75573989
    1.28383000  -18.42381725  -16.57498746
    1.28383000  -18.16782940  -16.18428597
    1.28495000  -18.03872991  -13.01540917
    1.28495000  -18.54794343  -12.82611093
    1.28495000  -18.29222312  -12.41536880
    1.28620000  -18.17797980   -8.60486201
    1.28620000  -18.68683745   -8.40416564
    1.28620000  -18.43137229   -7.96683325
    1.28752000  -18.32547266   -3.62074752
    1.28752000  -18.83408093   -3.40509157
    1.28752000  -18.57882804   -2.93305653
    1.28892000  -18.48263296    2.12852481
    1.28892000  -18.99115611    2.36490429
    1.28892000  -18.73605216    2.88474329
    1.29032000  -18.64090984    8.51362855
    1.29032000  -19.14959633    8.77885229
    1.29032000  -18.89454497    9.36491088
    1.29150000  -18.77562959   14.58875887
    1.29150000  -19.28472984   14.88946105
    1.29150000  -19.02962947   15.55678350
    1.29235000  -18.87379641   19.53012587
    1.29235000  -19.38342624   19.86802183
    1.29235000  -19.12822684   20.62064291
    1.27150000  -16.44014525  -20.80787029
    1.27150000  -16.95057441  -20.63528228
    1.27150000  -16.69418579  -20.26395372
    1.27273000  -16.57736801  -16.86628777
    1.27273000  -17.08726717  -16.68567541
    1.27273000  -16.83120915  -16.29539937
    1.27396000  -16.71470685  -12.71619062
    1.27396000  -17.22415770  -12.52607952
    1.27396000  -16.96838905  -12.11349860
    1.27519000  -16.85224772   -8.31902514
    1.27519000  -17.36134612   -8.11745916
    1.27519000  -17.10582001   -7.67813150
    1.27643000  -16.99122447   -3.58324861
    1.27643000  -17.50008439   -3.36740804
    1.27643000  -17.24474784   -2.89493670
    1.27780000  -17.14532996    2.09357826
    1.27780000  -17.65409781    2.32986446
    1.27780000  -17.39889404    2.84954163
    1.27918000  -17.30145868    8.43742589
    1.27918000  -17.81037652    8.70228587
    1.27918000  -17.55520541    9.28761235
    1.28035000  -17.43491249   14.50468362
    1.28035000  -17.94422897   14.80482726
    1.28035000  -17.68898385   15.47101942
    1.28120000  -17.53281160   19.48210391
    1.28120000  -18.04264772   19.81956675
    1.28120000  -17.78727491   20.57138197
    1.26080000  -15.14843247  -20.28253916
    1.26080000  -15.65907051  -20.10882432
    1.26080000  -15.40266683  -19.73495375
    1.26198000  -15.28070454  -16.44457424
    1.26198000  -15.79083286  -16.26295096
    1.26198000  -15.53473966  -15.87038811
    1.26316000  -15.41302638  -12.40803569
    1.26316000  -15.92272262  -12.21708456
    1.26316000  -15.66689975  -11.80259733
    1.26434000  -15.54546724   -8.13712622
    1.26434000  -16.05482210   -7.93497632
    1.26434000  -15.79922388   -7.49431573
    1.26552000  -15.67811541   -3.58395819
    1.26552000  -16.18723744   -3.36805716
    1.26552000  -15.93181082   -2.89543699
    1.26685000  -15.82802228    1.97069942
    1.26685000  -16.33704411    2.20654436
    1.26685000  -16.08173460    2.72525679
    1.26820000  -15.98085562    8.21196165
    1.26820000  -16.49000814    8.47570491
    1.26820000  -16.23471390    9.05856955
    1.26930000  -16.10616165   13.91876543
    1.26930000  -16.61566291   14.21507704
    1.26930000  -16.36028100   14.87263180
    1.27020000  -16.20947375   19.18058399
    1.27020000  -16.71949605   19.51548980
    1.27020000  -16.46395495   20.26161557
    1.25000000  -13.84646714  -20.65604394
    1.25000000  -14.35745478  -20.48294438
    1.25000000  -14.10095116  -20.11066128
    1.25120000  -13.98162133  -16.73430651
    1.25120000  -14.49207387  -16.55321236
    1.25120000  -14.23588713  -16.16199297
    1.25240000  -14.11675417  -12.60596229
    1.25240000  -14.62675241  -12.41540767
    1.25240000  -14.37083961  -12.00191235
    1.25359000  -14.25080175   -8.27055901
    1.25359000  -14.76044281   -8.06870626
    1.25359000  -14.50475308   -7.62876631
    1.25479000  -14.38609574   -3.60447459
    1.25479000  -14.89548948   -3.38857718
    1.25479000  -14.63996732   -2.91595708
    1.25612000  -14.53631435    1.99976015
    1.25612000  -15.04559930    2.23576716
    1.25612000  -14.79018124    2.75490462
    1.25745000  -14.68701145    8.20395580
    1.25745000  -15.19641729    8.46768552
    1.25745000  -14.94099432    9.05061823
    1.25850000  -14.80652400   13.68558140
    1.25850000  -15.31625064   13.98040117
    1.25850000  -15.06072233   14.63467750
    1.25945000  -14.91529364   19.27944397
    1.25945000  -15.42555942   19.61515201
    1.25945000  -15.16983176   20.36330845
    1.23950000  -12.57901941  -20.64761545
    1.23950000  -13.09030920  -20.47438996
    1.23950000  -12.83373451  -20.10193694
    1.24069000  -12.71369097  -16.72357420
    1.24069000  -13.22443985  -16.54235800
    1.24069000  -12.96817711  -16.15094667
    1.24187000  -12.84714176  -12.62839725
    1.24187000  -13.35743404  -12.43780938
    1.24187000  -13.10143713  -12.02429898
    1.24306000  -12.98168538   -8.25489370
    1.24306000  -13.49161123   -8.05292117
    1.24306000  -13.23583193   -7.61272989
    1.24425000  -13.11625490   -3.58571302
    1.24425000  -13.62592743   -3.36969128
    1.24425000  -13.37030605   -2.89677457
    1.24555000  -13.26339125    1.93829369
    1.24555000  -13.77294808    2.17410495
    1.24555000  -13.51741597    2.69284150
    1.24686000  -13.41194173    8.09298840
    1.24686000  -13.92160571    8.35618784
    1.24686000  -13.66605080    8.93800056
    1.24785000  -13.52452909   13.27891410
    1.24785000  -14.03447853   13.57116976
    1.24785000  -13.77880663   14.21970276
    1.24885000  -13.63870956   19.18382189
    1.24885000  -14.14920534   19.51870910
    1.24885000  -13.89329492   20.26516356
    1.22920000  -11.33488289  -20.55795184
    1.22920000  -11.84647077  -20.38444386
    1.22920000  -11.58982722  -20.01144766
    1.23037000  -11.46792811  -16.66224358
    1.23037000  -11.97897519  -16.48079622
    1.23037000  -11.72263532  -16.08893446
    1.23154000  -11.60081775  -12.56267884
    1.23154000  -12.11140364  -12.37184309
    1.23154000  -11.85532296  -11.95781282
    1.23271000  -11.73359217   -8.22200050
    1.23271000  -12.24380981   -8.01986002
    1.23271000  -11.98793693   -7.57930467
    1.23388000  -11.86629953   -3.59017672
    1.23388000  -12.37626002   -3.37410589
    1.23388000  -12.12053419   -2.90106733
    1.23516000  -12.01147748    1.89405473
    1.23516000  -12.52131464    2.12973926
    1.23516000  -12.26566428    2.64823326
    1.23645000  -12.15788416    7.99974979
    1.23645000  -12.66781576    8.26251093
    1.23645000  -12.41212480    8.84341331
    1.23745000  -12.27153491   13.27824272
    1.23745000  -12.78174642   13.57050189
    1.23745000  -12.52591546   14.21918111
    1.23850000  -12.39113660   19.55859236
    1.23850000  -12.90192400   19.89660383
    1.23850000  -12.64580095   20.65043509
    1.21900000  -10.10263618  -20.69844556
    1.21900000  -10.61456529  -20.52509755
    1.21900000  -10.35782870  -20.15261358
    1.22017000  -10.23633590  -16.77485767
    1.22017000  -10.74771124  -16.59355299
    1.22017000  -10.49127744  -16.20212705
    1.22134000  -10.36980785  -12.64483266
    1.22134000  -10.88071007  -12.45410820
    1.22134000  -10.62453287  -12.04040393
    1.22251000  -10.50308252   -8.27039477
    1.22251000  -11.01360573   -8.06831239
    1.22251000  -10.75763155   -7.62792205
    1.22368000  -10.63619421   -3.60045246
    1.22368000  -11.14645093   -3.38435111
    1.22368000  -10.89061606   -2.91123419
    1.22494000  -10.77940817    1.84198492
    1.22494000  -11.28953391    2.07751275
    1.22494000  -11.03376107    2.59569399
    1.22621000  -10.92367194    7.89622265
    1.22621000  -11.43387932    8.15849709
    1.22621000  -11.17804874    8.73837600
    1.22720000  -11.03611366   13.15456129
    1.22720000  -11.54658710   13.44605730
    1.22720000  -11.29059759   14.09312103
    1.22825000  -11.15540182   19.47309546
    1.22825000  -11.66643706   19.81035995
    1.22825000  -11.41012127   20.56265907
    1.20900000   -8.89362807  -20.73066097
    1.20900000   -9.40588986  -20.55726413
    1.20900000   -9.14906513  -20.18479526
    1.21016000   -9.02683828  -16.80848200
    1.21016000   -9.53853979  -16.62714957
    1.21016000   -9.28201334  -16.23575638
    1.21133000   -9.16089689  -12.64361686
    1.21133000   -9.67211491  -12.45280087
    1.21133000   -9.41584146  -12.03894523
    1.21249000   -9.29353218   -8.26906790
    1.21249000   -9.80436520   -8.06690500
    1.21249000   -9.54828736   -7.62635554
    1.21365000   -9.42591059   -3.59910618
    1.21365000   -9.93647083   -3.38293640
    1.21365000   -9.68052286   -2.90965310
    1.21489000   -9.56715440    1.80113786
    1.21489000  -10.07757660    2.03655388
    1.21489000   -9.82167723    2.55452536
    1.21614000   -9.70927594    7.80367919
    1.21614000  -10.21976772    8.06552431
    1.21614000   -9.96379365    8.64451014
    1.21706000   -9.81370927   12.70484624
    1.21706000  -10.32443221   12.99358485
    1.21706000  -10.06829512   13.63444622
    1.21820000   -9.94288858   19.59708167
    1.21820000  -10.45420285   19.93537097
    1.21820000  -10.19767648   20.69021863
    1.19925000   -7.71367603  -20.47149643
    1.19925000   -8.22623252  -20.29749210
    1.19925000   -7.96933929  -19.92370007
    1.20038000   -7.84406133  -16.60687904
    1.20038000   -8.35606591  -16.42501451
    1.20038000   -8.09945838  -16.03245425
    1.20152000   -7.97524484  -12.50483796
    1.20152000   -8.48677197  -12.31359669
    1.20152000   -8.23040506  -11.89880097
    1.20265000   -8.10493358   -8.20072590
    1.20265000   -8.61607891   -7.99829621
    1.20265000   -8.35989549   -7.55715046
    1.20378000   -8.23428396   -3.61075467
    1.20378000   -8.74515584   -3.39455833
    1.20378000   -8.48909033   -2.92120638
    1.20501000   -8.37469208    1.79054166
    1.20501000   -8.88541815    2.02596492
    1.20501000   -8.62938814    2.54400173
    1.20623000   -8.51353300    7.69215114
    1.20623000   -9.02431661    7.95347614
    1.20623000   -8.76819601    8.53135794
    1.20717000   -8.62017810   12.73811948
    1.20717000   -9.13119021   13.02707158
    1.20717000   -8.87488221   13.66855722
    1.20830000   -8.74788544   19.63253554
    1.20830000   -9.25947671   19.97110159
    1.20830000   -9.00274080   20.72677544
    1.18955000   -6.53969138  -20.57296759
    1.18955000   -7.05260607  -20.39904767
    1.18955000   -6.79561052  -20.02558957
    1.19068000   -6.67073104  -16.67956582
    1.19068000   -7.18308162  -16.49775752
    1.19068000   -6.92637038  -16.10542967
    1.19181000   -6.80134665  -12.58293211
    1.19181000   -7.31321250  -12.39179157
    1.19181000   -7.05673685  -11.97729873
    1.19294000   -6.93153643   -8.24599061
    1.19294000   -7.44300984   -8.04360952
    1.19294000   -7.18671276   -7.60260785
    1.19408000   -7.06243648   -3.57655626
    1.19408000   -7.57362524   -3.36018486
    1.19408000   -7.31743882   -2.88641794
    1.19528000   -7.19971844    1.73663759
    1.19528000   -7.71075624    1.97189913
    1.19528000   -7.45459185    2.48960914
    1.19648000   -7.33641756    7.58164158
    1.19648000   -7.84750085    7.84245488
    1.19648000   -7.59123036    8.41925014
    1.19743000   -7.44414066   12.71717503
    1.19743000   -7.95544607   13.00601057
    1.19743000   -7.69896562   13.64736124
    1.19855000   -7.57038049   19.60340065
    1.19855000   -8.08224954   19.94169562
    1.19855000   -7.82530501   20.69693276
    1.18000000   -5.38314183  -20.69202524
    1.18000000   -5.89642505  -20.51822195
    1.18000000   -5.63932193  -20.14517725
    1.18113000   -5.51484821  -16.77074301
    1.18113000   -6.02755460  -16.58902951
    1.18113000   -5.77073461  -16.19702754
    1.18226000   -5.64605565  -12.64358967
    1.18226000   -6.15826570  -12.45250673
    1.18226000   -5.90167837  -12.03821599
    1.18339000   -5.77675178   -8.27274923
    1.18339000   -6.28855904   -8.07036493
    1.18339000   -6.03214506   -7.62938629
    1.18452000   -5.90691153   -3.60737463
    1.18452000   -6.41842724   -3.39103827
    1.18452000   -6.16211497   -2.91734695
    1.18571000   -6.04335097    1.70289965
    1.18571000   -6.55470753    1.93807891
    1.18571000   -6.29840490    2.45564558
    1.18689000   -6.17790601    7.49201256
    1.18689000   -6.68929711    7.75241916
    1.18689000   -6.43287280    8.32836841
    1.18784000   -6.28557521   12.66270876
    1.18784000   -6.79717932   12.95122473
    1.18784000   -6.54052453   13.59197252
    1.18895000   -6.41035661   19.53396691
    1.18895000   -6.92250691   19.87165141
    1.18895000   -6.66535384   20.62566834
    1.17065000   -4.24987907  -20.64567884
    1.17065000   -4.76351140  -20.47167608
    1.17065000   -4.50631007  -20.09828521
    1.17177000   -4.38106971  -16.72417078
    1.17177000   -4.89412047  -16.54225752
    1.17177000   -4.63719675  -16.14987864
    1.17289000   -4.51169431  -12.59670664
    1.17289000   -5.02424402  -12.40542127
    1.17289000   -4.76754633  -11.99071654
    1.17400000   -4.64057143   -8.26567819
    1.17400000   -5.15271682   -8.06319681
    1.17400000   -4.89618316   -7.62202057
    1.17512000   -4.76998362   -3.60259970
    1.17512000   -5.28183152   -3.38618316
    1.17512000   -5.02539005   -2.91229851
    1.17629000   -4.90442796    1.66021347
    1.17629000   -5.41611042    1.89527618
    1.17629000   -5.15966597    2.41261926
    1.17745000   -5.03683973    7.39092226
    1.17745000   -5.54854567    7.65086894
    1.17745000   -5.29196470    8.22584770
    1.17841000   -5.14558728   12.65327270
    1.17841000   -5.65749987   12.94174307
    1.17841000   -5.40066465   13.58251831
    1.17950000   -5.26779128   19.44855391
    1.17950000   -5.78022880   19.78549692
    1.17950000   -5.52286577   20.53799016
    1.16145000   -3.13408815  -20.58976723
    1.16145000   -3.64807461  -20.41554675
    1.16145000   -3.39077189  -20.04176509
    1.16255000   -3.26358088  -16.70433025
    1.16255000   -3.77698621  -16.52227422
    1.16255000   -3.51995321  -16.12965438
    1.16366000   -3.39362087  -12.57864257
    1.16366000   -3.90651995  -12.38722429
    1.16366000   -3.64970668  -11.97227027
    1.16476000   -3.52183197   -8.24997618
    1.16476000   -4.03432145   -8.04737374
    1.16476000   -3.77766455   -7.60594341
    1.16587000   -3.65049115   -3.58925677
    1.16587000   -4.16267750   -3.37273230
    1.16587000   -3.90610311   -2.89858938
    1.16702000   -3.78293156    1.62536519
    1.16702000   -4.29494665    1.86034240
    1.16702000   -4.03835675    2.37753332
    1.16816000   -3.91319806    7.29699483
    1.16816000   -4.42522611    7.55651896
    1.16816000   -4.16848513    8.13061196
    1.16912000   -4.02189586   12.59427431
    1.16912000   -4.53412112   12.88239971
    1.16912000   -4.27710504   13.52251201
    1.17020000   -4.14265677   19.37134166
    1.17020000   -4.65538970   19.70761603
    1.17020000   -4.39781324   20.45875246
    1.15235000   -2.02984042  -20.68590350
    1.15235000   -2.54421239  -20.51175454
    1.15235000   -2.28679285  -20.13828084
    1.15345000   -2.16000444  -16.77225325
    1.15345000   -2.67378292  -16.59024119
    1.15345000   -2.41663161  -16.19782824
    1.15456000   -2.29064385  -12.61532008
    1.15456000   -2.80390479  -12.42390077
    1.15456000   -2.54696984  -12.00901117
    1.15566000   -2.41936048   -8.25215997
    1.15566000   -2.93220196   -8.04948582
    1.15566000   -2.67541766   -7.60791781
    1.15676000   -2.54726556   -3.59577750
    1.15676000   -3.05979783   -3.37920906
    1.15676000   -2.80308670   -2.90495770
    1.15789000   -2.67769848    1.56741527
    1.15789000   -3.19005323    1.80221807
    1.15789000   -2.93331480    2.31904931
    1.15902000   -2.80696220    7.22874584
    1.15902000   -3.31931974    7.48797332
    1.15902000   -3.06241462    8.06147029
    1.16002000   -2.92010469   12.79910579
    1.16002000   -3.43266339   13.08848496
    1.16002000   -3.17544493   13.73162144
    1.16110000   -3.04043523   19.67015549
    1.16110000   -3.55350610   20.00892168
    1.16110000   -3.29567266   20.76599985
    1.14340000   -0.94301595  -20.75081685
    1.14340000   -1.45777493  -20.57667918
    1.14340000   -1.20023752  -20.20336937
    1.14450000   -1.07385479  -16.80742496
    1.14450000   -1.58800840  -16.62538665
    1.14450000   -1.33073730  -16.23301318
    1.14560000   -1.20391628  -12.65621833
    1.14560000   -1.71754597  -12.46480770
    1.14560000   -1.46048571  -12.05000645
    1.14670000   -1.33314476   -8.25882130
    1.14670000   -1.84634493   -8.05608766
    1.14670000   -1.58942956   -7.61441104
    1.14779000   -1.46029287   -3.60778425
    1.14779000   -1.97317769   -3.39118935
    1.14779000   -1.71632627   -2.91687082
    1.14891000   -1.58986415    1.55008731
    1.14891000   -2.10256430    1.78487343
    1.14891000   -1.84567331    2.30171142
    1.15002000   -1.71697683    7.15149357
    1.15002000   -2.22967034    7.41038274
    1.15002000   -1.97259839    7.98318605
    1.15099000   -1.82669386   12.58231105
    1.15099000   -2.33957018   12.87038866
    1.15099000   -2.08217529   13.51065446
    1.15205000   -1.94454393   19.33755472
    1.15205000   -2.45789988   19.67350410
    1.15205000   -2.19987490   20.42426208
    1.13460000    0.12636430  -20.77233079
    1.13460000   -0.38878077  -20.59812181
    1.13460000   -0.13112537  -20.22477665
    1.13569000   -0.00395682  -16.83406561
    1.13569000   -0.51849060  -16.65198260
    1.13569000   -0.26109681  -16.25960495
    1.13678000   -0.13343487  -12.68870713
    1.13678000   -0.64743863  -12.49728457
    1.13678000   -0.39025003  -12.08252327
    1.13787000   -0.26200387   -8.29809539
    1.13787000   -0.77557165   -8.09539192
    1.13787000   -0.51852106   -7.65381915
    1.13896000   -0.38956422   -3.61088417
    1.13896000   -0.90280728   -3.39423400
    1.13896000   -0.64581218   -2.91978091
    1.14003000   -0.51365428    1.34824450
    1.14003000   -1.02670995    1.58230483
    1.14003000   -0.76966698    2.09749571
    1.14109000   -0.63525032    6.70951360
    1.14109000   -1.14828131    6.96633835
    1.14109000   -0.89105703    7.53444584
    1.14216000   -0.75625237   12.73053133
    1.14216000   -1.26947137   13.01951695
    1.14216000   -1.01186980   13.66201155
    1.14322000   -0.87366905   19.56887381
    1.14322000   -1.38736852   19.90673806
    1.14322000   -1.12908430   20.66210841
    1.12600000    1.17224245  -20.56013113
    1.12600000    0.65674487  -20.38540876
    1.12600000    0.91450451  -20.01095387
    1.12707000    1.04369463  -16.65335030
    1.12707000    0.52880422  -16.47078302
    1.12707000    0.78631228  -16.07734220
    1.12814000    0.91604121  -12.54239582
    1.12814000    0.40167788  -12.35053204
    1.12814000    0.65899111  -11.93478542
    1.12920000    0.79053677   -8.23184415
    1.12920000    0.27660438   -8.02888012
    1.12920000    0.53379129   -7.58672293
    1.13027000    0.66492430   -3.59066532
    1.13027000    0.15131831   -3.37388483
    1.13027000    0.40846046   -2.89912089
    1.13133000    0.54171883    1.36285940
    1.13133000    0.02830597    1.59702681
    1.13133000    0.28550842    2.11251119
    1.13239000    0.42000488    6.77051995
    1.13239000   -0.09337704    7.02766601
    1.13239000    0.16402573    7.59660443
    1.13344000    0.30134755   12.72940673
    1.13344000   -0.21221261   13.01839737
    1.13344000    0.04558793   13.66103652
    1.13450000    0.18431205   19.62600125
    1.13450000   -0.32972097   19.96432426
    1.13450000   -0.07119339   20.72094352
    1.11746000    2.21145153  -20.60014300
    1.11746000    1.69555314  -20.42538472
    1.11746000    1.95343895  -20.05097981
    1.11852000    2.08343642  -16.70085318
    1.11852000    1.56815123  -16.51828574
    1.11852000    1.82578991  -16.12494774
    1.11958000    1.95637860  -12.59842041
    1.11958000    1.44162679  -12.40660138
    1.11958000    1.69907594  -11.99103020
    1.12065000    1.82917961   -8.21353402
    1.12065000    1.31487279   -8.01044147
    1.12065000    1.57220043   -7.56801223
    1.12171000    1.70434355   -3.57797679
    1.12171000    1.19036843   -3.36109018
    1.12171000    1.44766098   -2.88607209
    1.12276000    1.58202494    1.36856474
    1.12276000    1.06824888    1.60280513
    1.12276000    1.32561393    2.11850352
    1.12380000    1.46247367    6.71378255
    1.12380000    0.94873627    6.97069592
    1.12380000    1.20631489    7.53918013
    1.12485000    1.34387813   12.71539259
    1.12485000    0.82997146   13.00431032
    1.12485000    1.08797310   13.64691383
    1.12590000    1.22830747   19.59692945
    1.12590000    0.71394253   19.93498456
    1.12590000    0.97270580   20.69117240
    1.10909000    3.23071631  -20.48954914
    1.10909000    2.71443720  -20.31446976
    1.10909000    2.97244170  -19.93941993
    1.11013000    3.10448655  -16.62893690
    1.11013000    2.58881810  -16.44611597
    1.11013000    2.84658409  -16.05226923
    1.11118000    2.97805995  -12.52905514
    1.11118000    2.46292857  -12.33697974
    1.11118000    2.72051220  -11.92086351
    1.11223000    2.85275045   -8.18911752
    1.11223000    2.33806414   -7.98587962
    1.11223000    2.59553568   -7.54313822
    1.11327000    2.72987275   -3.60509504
    1.11327000    2.21552059   -3.38823005
    1.11327000    2.47296659   -2.91325865
    1.11432000    2.60727229    1.37985395
    1.11432000    2.09312752    1.61418872
    1.11432000    2.35065856    2.13015120
    1.11537000    2.48646735    6.82479096
    1.11537000    1.97236717    7.08226089
    1.11537000    2.23013408    7.65212347
    1.11641000    2.36912892   12.82907151
    1.11641000    1.85486416   13.11869032
    1.11641000    2.11308183   13.76304846
    1.11746000    2.25402748   19.78818628
    1.11746000    1.73930602   20.12783603
    1.11746000    1.99833917   20.88790353    
    1.10084000    4.23606784  -20.39673764
    1.10084000    3.71939971  -20.22137076
    1.10084000    3.97752755  -19.84575657
    1.10187000    4.11042493  -16.53857179
    1.10187000    3.59437060  -16.35545816
    1.10187000    3.85226627  -15.96100687
    1.10290000    3.98584691  -12.48131819
    1.10290000    3.47032808  -12.28903833
    1.10290000    3.72805027  -11.87250067
    1.10393000    3.86243673   -8.18904259
    1.10393000    3.34736332   -7.98572635
    1.10393000    3.60498230   -7.54283185
    1.10497000    3.73916519   -3.56768025
    1.10497000    3.22443422   -3.35062974
    1.10497000    3.48203713   -2.87521705
    1.10600000    3.61862784    1.36138939
    1.10600000    3.10410806    1.59570478
    1.10600000    3.36180732    2.11166528
    1.10703000    3.49998181    6.73933479
    1.10703000    2.98551502    6.99643686
    1.10703000    3.24346212    7.56553050
    1.10806000    3.38380927   12.72052166
    1.10806000    2.86919087   13.00949449
    1.10806000    3.12760707   13.65249117
    1.10909000    3.27118354   19.57437506
    1.10909000    2.75613401   19.91219540
    1.10909000    3.01538228   20.66821621
    1.09272000    5.22627103  -20.27502662
    1.09272000    4.70921373  -20.09931729
    1.09272000    4.96746627  -19.72300299
    1.09373000    5.10245309  -16.45720785
    1.09373000    4.58600642  -16.27382057
    1.09373000    4.84403554  -15.87880967
    1.09475000    4.97853096  -12.40358144
    1.09475000    4.46262303  -12.21102502
    1.09475000    4.72048600  -11.79389216
    1.09577000    4.85584887   -8.11517048
    1.09577000    4.34038970   -7.91157276
    1.09577000    4.59815825   -7.46804165
    1.09678000    4.73575130   -3.59035193
    1.09678000    4.22063265   -3.37330860
    1.09678000    4.47839509   -2.89790898
    1.09780000    4.61609996    1.32655654
    1.09780000    4.10119930    1.56079031
    1.09780000    4.35906914    2.07660272
    1.09881000    4.49960830    6.63436037
    1.09881000    3.98476933    6.89100533
    1.09881000    4.24289787    7.45912097
    1.09983000    4.38458576   12.58919536
    1.09983000    3.86960878   12.87738952
    1.09983000    4.12822335   13.51871566
    1.10084000    4.27439843   19.33270344
    1.10084000    3.75901632   19.66848589
    1.10084000    4.01847611   20.41997419
    1.08471000    6.20377071  -20.18810675
    1.08471000    5.68631327  -20.01212099
    1.08471000    5.94469608  -19.63526673
    1.08571000    6.08056283  -16.37454516
    1.08571000    5.56371900  -16.19088142
    1.08571000    5.82188470  -15.79530301
    1.08671000    5.95851997  -12.36627349
    1.08671000    5.44221305  -12.17353772
    1.08671000    5.70022125  -11.75604240
    1.08772000    5.83656084   -8.08487469
    1.08772000    5.32070689   -7.88111550
    1.08772000    5.57862869   -7.43723280
    1.08872000    5.71727279   -3.56836647
    1.08872000    5.20176393   -3.35118715
    1.08872000    5.45968929   -2.87546272
    1.08972000    5.59969428    1.28874941
    1.08972000    5.08440730    1.52289066
    1.08972000    5.34245040    2.03852883
    1.09072000    5.48421499    6.58012325
    1.09072000    4.96899806    6.83655002
    1.09072000    5.22731373    7.40424223
    1.09172000    5.37147577   12.45175865
    1.09172000    4.85613462   12.73914343
    1.09172000    5.11494881   13.37872569
    1.09272000    5.26263743   19.15527255
    1.09272000    4.74691121   19.48957135
    1.09272000    5.00659299   20.23780809
    1.07682000    7.16732436  -20.08949794
    1.07682000    6.64946396  -19.91321348
    1.07682000    6.90797943  -19.53576339
    1.07781000    7.04473970  -16.28022298
    1.07781000    6.52749556  -16.09625788
    1.07781000    6.78580044  -15.70005031
    1.07880000    6.92337982  -12.27649009
    1.07880000    6.40667530  -12.08344869
    1.07880000    6.66483025  -11.66528640
    1.07978000    6.80457866   -8.08765381
    1.07978000    6.28832189   -7.88382425
    1.07978000    6.54640020   -7.43980697
    1.08077000    6.68609369   -3.58246027
    1.08077000    6.17018734   -3.36526048
    1.08077000    6.42827808   -2.88948422
    1.08176000    6.56941358    1.26134883
    1.08176000    6.05373543    1.49543753
    1.08176000    6.31195487    2.01099463
    1.08274000    6.45609546    6.48065843
    1.08274000    5.94049535    6.73665803
    1.08274000    6.19899753    7.30343896
    1.08373000    6.34449715   12.32471264
    1.08373000    5.82878575   12.61135577
    1.08373000    6.08780248   13.24934888
    1.08471000    6.23806062   18.91646924
    1.08471000    5.72198860   19.24880184
    1.08471000    5.98188339   19.99266594
    1.06905000    8.11690754  -19.96924784
    1.06905000    7.59864329  -19.79262332
    1.06905000    7.85729314  -19.41447436
    1.07002000    7.99620127  -16.20357189
    1.07002000    7.47854948  -16.01934306
    1.07002000    7.73699742  -15.62259663
    1.07099000    7.87675227  -12.24783869
    1.07099000    7.35963797  -12.05463889
    1.07099000    7.61794439  -11.63616334
    1.07197000    7.75748537   -8.02417743
    1.07197000    7.24082705   -7.82009512
    1.07197000    7.49906426   -7.37550770
    1.07294000    7.64102626   -3.57386786
    1.07294000    7.12471891   -3.35657497
    1.07294000    7.38297814   -2.88057518
    1.07391000    7.52642842    1.20645206
    1.07391000    7.01035315    1.44038430
    1.07391000    7.26875045    1.95561579
    1.07488000    7.41411576    6.40574104
    1.07488000    6.89812718    6.66142934
    1.07488000    7.15681984    7.22756752
    1.07585000    7.30477631   12.16147823
    1.07585000    6.78869038   12.44717208
    1.07585000    7.04790743   13.08309214
    1.07682000    7.19963505   18.70745797
    1.07682000    6.68320884   19.03808920
    1.07682000    6.94332192   19.77819136
    1.06139000    9.05374645  -19.85560509
    1.06139000    8.53507265  -19.67865297
    1.06139000    8.79386037  -19.29983412
    1.06234000    8.93493883  -16.13514747
    1.06234000    8.41687353  -15.95067247
    1.06234000    8.67546786  -15.55342897
    1.06330000    8.81618752  -12.18696260
    1.06330000    8.29866268  -11.99352681
    1.06330000    8.55712261  -11.57455039
    1.06426000    8.69889256   -8.01599310
    1.06426000    8.18182279   -7.81181036
    1.06426000    8.44022211   -7.36701617
    1.06522000    8.58325560   -3.57799709
    1.06522000    8.06654163   -3.36065177
    1.06522000    8.32497188   -2.88452475
    1.06618000    8.46957013    1.18796034
    1.06618000    7.95309403    1.42187448
    1.06618000    8.21167326    1.93710473
    1.06713000    8.35942714    6.31340505
    1.06713000    7.84304495    6.56870344
    1.06713000    8.10192907    7.13401414
    1.06809000    8.25122118   12.04053169
    1.06809000    7.73475384   12.32553141
    1.06809000    7.99417754   12.95996808
    1.06905000    8.14739649   18.54672021
    1.06905000    7.63060689   18.87605306
    1.06905000    7.89094702   19.61332494
    1.05383000    9.97908716  -19.77811710
    1.05383000    9.45999299  -19.60090651
    1.05383000    9.71892369  -19.22158663
    1.05478000    9.85968812  -16.02501113
    1.05478000    9.34121113  -15.84020078
    1.05478000    9.59995298  -15.44224161
    1.05572000    9.74289386  -12.12538084
    1.05572000    9.22495406  -11.93170738
    1.05572000    9.48357035  -11.51222520
    1.05667000    9.62637008   -7.96333844
    1.05667000    9.10888849   -7.75893284
    1.05667000    9.36745251   -7.31363876
    1.05761000    9.51277844   -3.58350520
    1.05761000    8.99565306   -3.36611179
    1.05761000    9.25425696   -2.88986799
    1.05855000    9.40118351    1.11525977
    1.05855000    8.88429988    1.34895143
    1.05855000    9.14306107    1.86369922
    1.05950000    9.29089138    6.27396688
    1.05950000    8.77411078    6.52912003
    1.05950000    9.03319257    7.09417330
    1.06044000    9.18495652   11.91438931
    1.06044000    8.66810272   12.19866946
    1.06044000    8.92773418   12.83156165
    1.06139000    9.08243116   18.37921843
    1.06139000    8.56527301   18.70721192
    1.06139000    8.82583998   19.44155595
    1.04639000   10.89038567  -19.65076896
    1.04639000   10.37087568  -19.47320435
    1.04639000   10.62994931  -19.09314641
    1.04732000   10.77292326  -15.94414887
    1.04732000   10.25402583  -15.75906573
    1.04732000   10.51291932  -15.36054222
    1.04825000   10.65685544  -12.05304202
    1.04825000   10.13849762  -11.85910495
    1.04825000   10.39727285  -11.43905339
    1.04918000   10.54233786   -7.94544395
    1.04918000   10.02443665   -7.74091131
    1.04918000   10.28316818   -7.29534625
    1.05011000   10.42958808   -3.57903572
    1.05011000    9.91204741   -3.36156239
    1.05011000   10.17082776   -2.88512632
    1.05104000   10.31891979    1.10417759
    1.05104000    9.80162617    1.33787968
    1.05104000   10.06057458    1.85269232
    1.05197000   10.21080507    6.18744707
    1.05197000    9.69362110    6.44224015
    1.05197000    9.95289909    7.00653311
    1.05290000   10.10599791   11.79801936
    1.05290000    9.58875228   12.08164144
    1.05290000    9.84859431   12.71312998
    1.05383000   10.00581300   18.14873487
    1.05383000    9.48828468   18.47491182
    1.05383000    9.74906811   19.20521777
    1.03904000   11.79142331  -19.58123137
    1.03904000   11.27148300  -19.40342362
    1.03904000   11.53070569  -19.02289998
    1.03996000   11.67463702  -15.88399609
    1.03996000   11.15531174  -15.69868457
    1.03996000   11.41436043  -15.29970430
    1.04088000   11.55929695  -12.00313843
    1.04088000   11.04051403  -11.80899197
    1.04088000   11.29945141  -11.38850136
    1.04180000   11.44556676   -7.90687604
    1.04180000   10.92724359   -7.70215948
    1.04180000   11.18614526   -7.25618677
    1.04271000   11.33487986   -3.60210417
    1.04271000   10.81691756   -3.38463862
    1.04271000   11.07587622   -2.90821879
    1.04363000   11.22512803    1.06266144
    1.04363000   10.70741874    1.29625964
    1.04363000   10.96655527    1.81086747
    1.04455000   11.11802835    6.12371279
    1.04455000   10.60043642    6.37825148
    1.04455000   10.85991454    6.94202992
    1.04547000   11.01436115   11.70626463
    1.04547000   10.49671813   11.98937436
    1.04547000   10.75677544   12.61979639
    1.04639000   10.91548081   18.01903377
    1.04639000   10.39757078   18.34419302
    1.04639000   10.65858933   19.07231251
    1.03180000   12.67963827  -19.48303755
    1.03180000   12.15926869  -19.30493167
    1.03180000   12.41864153  -18.92380516
    1.03271000   12.56354942  -15.79444879
    1.03271000   12.04379668  -15.60884589
    1.03271000   12.30300214  -15.20925363
    1.03361000   12.45020902  -11.96658785
    1.03361000   11.93099511  -11.77226433
    1.03361000   12.19009751  -11.35141248
    1.03452000   12.33726836   -7.88311871
    1.03452000   11.81851754   -7.67825912
    1.03452000   12.07759191   -7.23197642
    1.03542000   12.22744211   -3.59316341
    1.03542000   11.70905608   -3.37560369
    1.03542000   11.96819629   -2.89895788
    1.03633000   12.11862752    1.05490283
    1.03633000   11.60049950    1.28852421
    1.03633000   11.85982824    1.80322636
    1.03723000   12.01371304    6.03814963
    1.03723000   11.49570842    6.29233601
    1.03723000   11.75538683    6.85536954
    1.03814000   11.91116531   11.58938478
    1.03814000   11.39312080   11.87184138
    1.03814000   11.65339191   12.50086756
    1.03904000   11.81459202   17.78572222
    1.03904000   11.29630104   18.10908008
    1.03904000   11.55753651   18.83319028
    1.02466000   13.55628044  -19.38686104
    1.02466000   13.03547728  -19.20846092
    1.02466000   13.29500305  -18.82673973
    1.02555000   13.44217293  -15.74946060
    1.02555000   12.92198183  -15.56366203
    1.02555000   13.18134831  -15.16369139
    1.02645000   13.32832201  -11.89027973
    1.02645000   12.80867813  -11.69568313
    1.02645000   13.06794746  -11.27423630
    1.02734000   13.21743260   -7.86450714
    1.02734000   12.69824948   -7.65951876
    1.02734000   12.95749903   -7.21296006
    1.02823000   13.10847085   -3.59041681
    1.02823000   12.58965645   -3.37278267
    1.02823000   12.84898047   -2.89595780
    1.02912000   13.00177875    0.98630829
    1.02912000   12.48322520    1.21972513
    1.02912000   12.74274507    1.73398359
    1.03002000   12.89671518    6.00121276
    1.03002000   12.37829390    6.25526858
    1.03002000   12.63817885    6.81807553
    1.03091000   12.79642363   11.46103273
    1.03091000   12.27797317   11.74277538
    1.03091000   12.53845810   12.37026199
    1.03180000   12.70109252   17.61222754
    1.03180000   12.18241200   17.93425809
    1.03180000   12.44387598   18.65545723
    1.01762000   14.42132439  -19.28437218
    1.01762000   13.90008495  -19.10566563
    1.01762000   14.15976596  -18.72331818
    1.01850000   14.30794406  -15.65701039
    1.01850000   13.78731808  -15.47091427
    1.01850000   14.04684646  -15.07031425
    1.01938000   14.19612438  -11.85268161
    1.01938000   13.67604162  -11.65790562
    1.01938000   13.93548101  -11.23609057
    1.02026000   14.08604579   -7.84134856
    1.02026000   13.56642680   -7.63621897
    1.02026000   13.82585396   -7.18935408
    1.02114000   13.97795717   -3.58353336
    1.02114000   13.45871064   -3.36581170
    1.02114000   13.71822095   -2.88877651
    1.02202000   13.87221245    0.97444962
    1.02202000   13.35323156    1.20787463
    1.02202000   13.61294790    1.72219119
    1.02290000   13.76933595    5.90888575
    1.02290000   13.25049307    6.16256158
    1.02290000   13.51058155    6.72455623
    1.02378000   13.67014953   11.33474869
    1.02378000   13.15128847   11.61579413
    1.02378000   13.41198887   12.24177799
    1.02466000   13.57605065   17.44039888
    1.02466000   13.05697556   17.76112769
    1.02466000   13.31866901   18.47947243
    1.01067000   15.27604310  -19.20783599
    1.01067000   14.75435892  -19.02887313
    1.01067000   15.01419901  -18.64602251
    1.01154000   15.16339006  -15.59233632
    1.01154000   14.64232108  -15.40600241
    1.01154000   14.90201482  -15.00491873
    1.01241000   15.05234348  -11.80095264
    1.01241000   14.53181982  -11.60596318
    1.01241000   14.79143151  -11.18369640
    1.01328000   14.94309065   -7.80392264
    1.01328000   14.42303335   -7.59861265
    1.01328000   14.68264064   -7.15134686
    1.01415000   14.83588938   -3.56216297
    1.01415000   14.31620783   -3.34430784
    1.01415000   14.57590723   -2.86695257
    1.01501000   14.73229427    0.92329143
    1.01501000   14.21288025    1.15657819
    1.01501000   14.47279286    1.67060610
    1.01588000   14.63043013    5.83119053
    1.01588000   14.11116158    6.08455414
    1.01588000   14.37145671    6.64589402
    1.01675000   14.53235643   11.22394888
    1.01675000   14.01308002   11.50438884
    1.01675000   14.27399938   12.12908182
    1.01762000   14.43949496   17.28553724
    1.01762000   13.92001963   17.60510283
    1.01762000   14.18194654   18.32091264
    1.00382000   16.11911115  -19.10885802
    1.00382000   15.59698270  -18.92959558
    1.00382000   15.85698325  -18.54613289
    1.00468000   16.00720619  -15.50480739
    1.00468000   15.48569412  -15.31818655
    1.00468000   15.74555497  -14.91649721
    1.00553000   15.89822507  -11.77090225
    1.00553000   15.37725392  -11.57575190
    1.00553000   15.63704054  -11.15316084
    1.00639000   15.78979559   -7.79009786
    1.00639000   15.26929375   -7.58467255
    1.00639000   15.52908325   -7.13716233
    1.00725000   15.68347564   -3.56664793
    1.00725000   15.16335330   -3.34874149
    1.00725000   15.42324318   -2.87126220
    1.00810000   15.58083270    0.89733349
    1.00810000   15.06098269    1.13057629
    1.00810000   15.32109515    1.64453806
    1.00896000   15.47999942    5.78017652
    1.00896000   14.96030149    6.03334887
    1.00896000   15.22080764    6.59431687
    1.00982000   15.38305783   11.14195103
    1.00982000   14.86336132   11.42195019
    1.00982000   15.12450509   12.04573485
    1.01067000   15.29248154   17.08792166
    1.01067000   14.77260330   17.40602014
    1.01067000   15.03475578   18.11858510
    0.99706000   16.95180541  -19.02028484
    0.99706000   16.42922726  -18.84074297
    0.99706000   16.68939118  -18.45671701
    0.99791000   16.84065524  -15.42879054
    0.99791000   16.31869472  -15.24190761
    0.99791000   16.57872543  -14.83967261
    0.99875000   16.73247797  -11.70891945
    0.99875000   16.21105991  -11.51353101
    0.99875000   16.47102345  -11.09042683
    0.99960000   16.62489648   -7.74319571
    0.99960000   16.10394987   -7.53756416
    0.99960000   16.36392427   -7.08958966
    1.00044000   16.52070935   -3.58769557
    1.00044000   16.00014117   -3.36979030
    1.00044000   16.26022304   -2.89231265
    1.00129000   16.41781859    0.90768546
    1.00129000   15.89753048    1.14101940
    1.00129000   16.15784725    1.65523488
    1.00213000   16.31919746    5.70821993
    1.00213000   15.79906583    5.96110830
    1.00213000   16.05978274    6.52148553
    1.00298000   16.22336641   11.03594054
    1.00298000   15.70324602   11.31536760
    1.00298000   15.96461228   11.93793576
    1.00382000   16.13400947   16.93672766
    1.00382000   15.61372159   17.25371280
    1.00382000   15.87610953   17.96385350
    0.99039000   17.77410142  -18.93461329
    0.99039000   17.25106961  -18.75479768
    0.99039000   17.51139941  -18.37022136
    0.99123000   17.66371603  -15.35643741
    0.99123000   17.14130301  -15.16930037
    0.99123000   17.40150603  -14.76653831
    0.99206000   17.55635112  -11.65144226
    0.99206000   17.03448203  -11.45582675
    0.99206000   17.29462485  -11.03223543
    0.99289000   17.45088238   -7.75008474
    0.99289000   16.92948172   -7.54439506
    0.99289000   17.18964246   -7.09631390
    0.99373000   17.34635143   -3.56458291
    0.99373000   16.82533715   -3.34653893
    0.99373000   17.08561483   -2.86872826
    0.99456000   17.24563286    0.85502862
    0.99456000   16.72489991    1.08821976
    0.99456000   16.98541878    1.60213399
    0.99539000   17.14802688    5.62625130
    0.99539000   16.62745744    5.87881254
    0.99539000   16.88838575    6.43849619
    0.99623000   17.05329340   10.91807668
    0.99623000   16.53274518   11.19686962
    0.99623000   16.79433350   11.81807440
    0.99706000   16.96513173   16.77134971
    0.99706000   16.44443041   17.08712872
    0.99706000   16.70705152   17.79462640
    0.98381000   18.58597034  -18.84429500
    0.98381000   18.06248242  -18.66419673
    0.98381000   18.32298019  -18.27904642
    0.98463000   18.47767372  -15.32377064
    0.98463000   17.95479845  -15.13646531
    0.98463000   18.21517704  -14.73338741
    0.98546000   18.36982328  -11.59018508
    0.98546000   17.84750027  -11.39433342
    0.98546000   18.10782462  -10.97023192
    0.98628000   18.26522466   -7.70570347
    0.98628000   17.74337191   -7.49981475
    0.98628000   18.00372193   -7.05128580
    0.98710000   18.16284633   -3.59047811
    0.98710000   17.64137855   -3.37245059
    0.98710000   17.90185210   -2.89467860
    0.98793000   18.06188015    0.85943143
    0.98793000   17.54070153    1.09269159
    0.98793000   17.80142839    1.60680679
    0.98875000   17.96533417    5.60549160
    0.98875000   17.44432438    5.85799862
    0.98875000   17.70547217    6.41763023
    0.98957000   17.87285015   10.80043157
    0.98957000   17.35187008   11.07859577
    0.98957000   17.61368168   11.69844770
    0.99039000   17.78587331   16.60552477
    0.99039000   17.26475423   16.92010571
    0.99039000   17.52760895   17.62497629
    0.97732000   19.38737903  -18.74173542
    0.97732000   18.86343408  -18.56133077
    0.97732000   19.12410157  -18.17554569
    0.97813000   19.27988462  -15.23538557
    0.97813000   18.75655277  -15.04779174
    0.97813000   19.01710776  -14.64409972
    0.97894000   19.17416312  -11.56329856
    0.97894000   18.65137821  -11.36729424
    0.97894000   18.91188640  -10.94288621
    0.97975000   19.07042451   -7.69829660
    0.97975000   18.54811231   -7.49231065
    0.97975000   18.80865305   -7.04358007
    0.98057000   18.96771661   -3.55284571
    0.98057000   18.44579693   -3.33463379
    0.98057000   18.70647109   -2.85641882
    0.98138000   18.86894727    0.82010110
    0.98138000   18.34731724    1.05326843
    0.98138000   18.60825086    1.56719986
    0.98219000   18.77342902    5.53645776
    0.98219000   18.25197424    5.78869710
    0.98219000   18.51333809    6.34777298
    0.98300000   18.68204790   10.69497714
    0.98300000   18.16063197   10.97258337
    0.98300000   18.42266989   11.59124604
    0.98381000   18.59626028   16.45279625
    0.98381000   18.07471874   16.76628322
    0.98381000   18.33781039   17.46876672
    0.97091000   20.17963440  -18.66199434
    0.97091000   19.65522501  -18.48132772
    0.97091000   19.91606539  -18.09501776
    0.97171000   20.07294277  -15.17148260
    0.97171000   19.54914722  -14.98365327
    0.97171000   19.80988135  -14.57947729
    0.97251000   19.96806000  -11.51666952
    0.97251000   19.44481263  -11.32046480
    0.97251000   19.70550668  -10.89563273
    0.97331000   19.86520103   -7.67073398
    0.97331000   19.34242825   -7.46459550
    0.97331000   19.60316214   -7.01552898
    0.97411000   19.76465676   -3.59879288
    0.97411000   19.24227505   -3.38066071
    0.97411000   19.50314800   -2.90263688
    0.97492000   19.66562909    0.80225434
    0.97492000   19.14354532    1.03540850
    0.97492000   19.40468910    1.54934507
    0.97572000   19.57115717    5.48996454
    0.97572000   19.04925435    5.74203678
    0.97572000   19.31083832    6.30079314
    0.97652000   19.48089785   10.61360139
    0.97652000   18.95904216   10.89078400
    0.97652000   19.22131135   11.50857044
    0.97732000   19.39631975   16.32653730
    0.97732000   18.87435080   16.63912633
    0.97732000   19.13768572   17.33967757