    1.10909000    2.60191911  -20.63377577
    1.10909000    2.29832343  -21.02601540
    1.10909000    1.99455546  -20.49661628
    1.11013000    2.47589642  -16.80828775
    1.11013000    2.17226958  -17.21965350
    1.11013000    1.86887213  -16.66530354
    1.11118000    2.35034867  -12.75033578
    1.11118000    2.04666409  -13.18413386
    1.11118000    1.74365468  -12.60040095
    1.11223000    2.22671222   -8.46095115
    1.11223000    1.92293593   -8.92128568
    1.11223000    1.62033620   -8.30265650
    1.11327000    2.10642928   -3.93864670
    1.11327000    1.80251750   -4.43072962
    1.11327000    1.50035628   -3.77018957
    1.11432000    1.98760461    0.96718867
    1.11432000    1.68349323    0.43528559
    1.11432000    1.38182631    1.14859316
    1.11537000    1.87203147    6.30748218
    1.11537000    1.56762741    5.72415511
    1.11537000    1.26653879    6.50587387
    1.11641000    1.76173964   12.16691482
    1.11641000    1.45689950   11.51430901
    1.11641000    1.15652669   12.38857405
    1.11746000    1.65632880   18.90284847
    1.11746000    1.35078478   18.14701123
    1.11746000    1.05141229   19.15983903
    1.29380000  -19.82589774  -20.99120101
    1.29380000  -20.12889821  -21.37989065
    1.29380000  -20.42910575  -20.85618497
    1.29510000  -19.97002759  -16.92727546
    1.29510000  -20.27298277  -17.33605789
    1.29510000  -20.57298239  -16.78588893
    1.29625000  -20.09699148  -13.15073963
    1.29625000  -20.39991351  -13.58015867
    1.29625000  -20.69973157  -13.00272950
    1.29745000  -20.22889494   -8.99674139
    1.29745000  -20.53179096   -9.45142572
    1.29745000  -20.83142089   -8.84052866
    1.29882000  -20.37868300   -3.93421513
    1.29882000  -20.68156318   -4.42406023
    1.29882000  -20.98097803   -3.76644557
    1.30024000  -20.53290414    1.76452387
    1.30024000  -20.83578955    1.22789950
    1.30024000  -21.13497724    1.94787591
    1.30167000  -20.68692932    8.11913051
    1.30167000  -20.98985391    7.51843232
    1.30167000  -21.28880066    8.32413137
    1.30290000  -20.81810227   14.27384465
    1.30290000  -21.12110557   13.59446349
    1.30290000  -21.41982227   14.50582204
    1.30365000  -20.89730949   18.46544136
    1.30365000  -21.20039499   17.71946471
    1.30365000  -21.49895004   18.72054232
    1.28260000  -18.46872276  -20.83904197
    1.28260000  -18.77169452  -21.22853679
    1.28260000  -19.07204040  -20.70371592
    1.28383000  -18.60569248  -16.95622085
    1.28383000  -18.90862533  -17.36494703
    1.28383000  -19.20876316  -16.81480977
    1.28495000  -18.72984951  -13.24798749
    1.28495000  -19.03275438  -13.67694831
    1.28495000  -19.33270417  -13.10009583
    1.28620000  -18.86772711   -8.88131738
    1.28620000  -19.17061119   -9.33685183
    1.28620000  -19.47035125   -8.72481295
    1.28752000  -19.01244534   -3.95626174
    1.28752000  -19.31532303   -4.44605297
    1.28752000  -19.61483920   -3.78851300
    1.28892000  -19.16479160    1.70916489
    1.28892000  -19.46768693    1.17292176
    1.28892000  -19.76695791    1.89236640
    1.29032000  -19.31570844    7.97500806
    1.29032000  -19.61865975    7.37581415
    1.29032000  -19.91766753    8.17945233
    1.29150000  -19.44148728   13.90127005
    1.29150000  -19.74453483   13.22711986
    1.29150000  -20.04329110   14.13137571
    1.29235000  -19.53102183   18.68571405
    1.29235000  -19.83418598   17.93576774
    1.29235000  -20.13272715   18.94211697
    1.27150000  -17.12432757  -20.97626698
    1.27150000  -17.42728175  -21.36520504
    1.27150000  -17.72778766  -20.84105921
    1.27273000  -17.26193590  -17.06445898
    1.27273000  -17.56485476  -17.47271874
    1.27273000  -17.86514104  -16.92315367
    1.27396000  -17.39882201  -12.95048985
    1.27396000  -17.70171529  -13.38126285
    1.27396000  -18.00178262  -12.80198607
    1.27519000  -17.53491534   -8.59794519
    1.27519000  -17.83779531   -9.05542611
    1.27519000  -18.13764243   -8.44079271
    1.27643000  -17.67121492   -3.91905233
    1.27643000  -17.97409779   -4.40923462
    1.27643000  -18.27371863   -3.75117745
    1.27780000  -17.82058375    1.67447256
    1.27780000  -18.12349643    1.13842317
    1.27780000  -18.42285631    1.85758680
    1.27918000  -17.96946241    7.89954660
    1.27918000  -18.27244802    7.30107876
    1.27918000  -18.57152133    8.10369991
    1.28035000  -18.09408186   13.81814497
    1.28035000  -18.39718500   13.14505864
    1.28035000  -18.69597754   14.04781837
    1.28120000  -18.18338367   18.63759419
    1.28120000  -18.48662693   17.88838728
    1.28120000  -18.78517257   18.89365542
    1.26080000  -15.82629791  -20.45295524
    1.26080000  -16.12923570  -20.84446323
    1.26080000  -16.42986821  -20.31688664
    1.26198000  -15.95882495  -16.64481854
    1.26198000  -16.26173369  -17.05536326
    1.26198000  -16.56214440  -16.50274583
    1.26316000  -16.09061041  -12.64424665
    1.26316000  -16.39350040  -13.07689860
    1.26316000  -16.69368889  -12.49511091
    1.26434000  -16.22157987   -8.41745115
    1.26434000  -16.52446407   -8.87622019
    1.26434000  -16.82442771   -8.25986638
    1.26552000  -16.35163248   -3.91956497
    1.26552000  -16.65452785   -4.40985707
    1.26552000  -16.95426079   -3.75165680
    1.26685000  -16.49693935    1.55329185
    1.26685000  -16.79987556    1.01820890
    1.26685000  -17.09933479    1.73606111
    1.26820000  -16.64273900    7.67801051
    1.26820000  -16.94576289    7.08189260
    1.26820000  -17.24491594    7.88132315
    1.26930000  -16.75991633   13.24709510
    1.26930000  -17.06306768   12.58189406
    1.26930000  -17.36193034   13.47399164
    1.27020000  -16.85433854   18.34501551
    1.27020000  -17.15765779   17.60080817
    1.27020000  -17.45623009   18.59925140
    1.25000000  -14.51832302  -20.82203470
    1.25000000  -14.82126002  -21.21188377
    1.25000000  -15.12207750  -20.68642973
    1.25120000  -14.65377358  -16.93079426
    1.25120000  -14.95668407  -17.33994334
    1.25120000  -15.25726443  -16.78912236
    1.25240000  -14.78838728  -12.83929972
    1.25240000  -15.09128292  -13.27092222
    1.25240000  -15.39162492  -12.69046704
    1.25359000  -14.92096586   -8.54880350
    1.25359000  -15.22386138   -9.00682255
    1.25359000  -15.52396314   -8.39144977
    1.25479000  -15.05361794   -3.93963174
    1.25479000  -15.35653276   -4.42988826
    1.25479000  -15.65638439   -3.77173806
    1.25612000  -15.19921198    1.58155824
    1.25612000  -15.50218007    1.04610259
    1.25612000  -15.80173725    1.76443029
    1.25745000  -15.34295832    7.66931562
    1.25745000  -15.64603064    7.07317158
    1.25745000  -15.94525951    7.87259430
    1.25850000  -15.45475883   13.01893805
    1.25850000  -15.75797175   12.35676121
    1.25850000  -16.05689629   13.24473376
    1.25945000  -15.55418789   18.43859320
    1.25945000  -15.85760382   17.69264930
    1.25945000  -16.15618713   18.69335228
    1.23950000  -13.24538028  -20.81196848
    1.23950000  -13.54832006  -21.20195888
    1.23950000  -13.84930488  -20.67626385
    1.24069000  -13.38031645  -16.91880987
    1.24069000  -13.68323379  -17.32812062
    1.24069000  -13.98397191  -16.77704496
    1.24187000  -13.51323170  -12.86054818
    1.24187000  -13.81613929  -13.29215240
    1.24187000  -14.11663066  -12.71169358
    1.24306000  -13.64628191   -8.53273291
    1.24306000  -13.94919572   -8.99096738
    1.24306000  -14.24943307   -8.37529624
    1.24425000  -13.77820356   -3.92095269
    1.24425000  -14.08114489   -4.41146500
    1.24425000  -14.38111846   -3.75297762
    1.24555000  -13.92080528    1.52078700
    1.24555000  -14.22381079    0.98575361
    1.24555000  -14.52347623    1.70349685
    1.24686000  -14.06253137    7.55985750
    1.24686000  -14.36565626    6.96480298
    1.24686000  -14.66497264    7.76272506
    1.24785000  -14.16794752   12.62193353
    1.24785000  -14.47122101   11.96503589
    1.24785000  -14.77022649   12.84585822
    1.24885000  -14.27243474   18.34461031
    1.24885000  -14.57594556   17.60018790
    1.24885000  -14.87455865   18.59875858
    1.22920000  -11.99619386  -20.72130080
    1.22920000  -12.29914267  -21.11181537
    1.22920000  -12.60029431  -20.58537782
    1.23037000  -12.12945724  -16.85668091
    1.23037000  -12.43238800  -17.26641596
    1.23037000  -12.73328557  -16.71474043
    1.23154000  -12.26177596  -12.79451796
    1.23154000  -12.56470217  -13.22661105
    1.23154000  -12.86534259  -12.64547933
    1.23271000  -12.39304541   -8.49964747
    1.23271000  -12.69598427   -8.95820977
    1.23271000  -12.99636115   -8.34209161
    1.23388000  -12.52312281   -3.92519950
    1.23388000  -12.82609707   -4.41579681
    1.23388000  -13.12619898   -3.75719916
    1.23516000  -12.66382346    1.47696042
    1.23516000  -12.96687293    0.94219625
    1.23516000  -13.26665127    1.65955957
    1.23645000  -12.80352536    7.46775899
    1.23645000  -13.10670908    6.87359679
    1.23645000  -13.40611820    7.67028312
    1.23745000  -12.90995068   12.61999979
    1.23745000  -13.21330332   11.96300540
    1.23745000  -13.51237203   12.84389789
    1.23850000  -13.01929601   18.70416227
    1.23850000  -13.32293193   17.95334334
    1.23850000  -13.62154510   18.96045527
    1.21900000  -10.75928005  -20.85909199
    1.21900000  -11.06224581  -21.24905030
    1.21900000  -11.36358448  -20.72328641
    1.22017000  -10.89319266  -16.96703573
    1.22017000  -11.19614380  -17.37629699
    1.22017000  -11.49721683  -16.82520273
    1.22134000  -11.02608663  -12.87493226
    1.22134000  -11.32903779  -13.30666584
    1.22134000  -11.62984123  -12.72598073
    1.22251000  -11.15784626   -8.54693747
    1.22251000  -11.46081615   -9.00530296
    1.22251000  -11.76134232   -8.38943227
    1.22368000  -11.28831317   -3.93518855
    1.22368000  -11.59132662   -4.42582874
    1.22368000  -11.89156220   -3.76717666
    1.22494000  -11.42711046    1.42543470
    1.22494000  -11.73020983    0.89100685
    1.22494000  -12.03010692    1.60790124
    1.22621000  -11.56479345    7.36559893
    1.22621000  -11.86804139    6.77243520
    1.22621000  -12.16754992    7.56774471
    1.22720000  -11.67012741   12.49836231
    1.22720000  -11.97356031   11.84288094
    1.22720000  -12.27270653   12.72168352
    1.22825000  -11.77923396   18.62000045
    1.22825000  -12.08297804   17.87054962
    1.22825000  -12.38163116   18.87573601
    1.20900000   -9.54602514  -20.88943144
    1.20900000   -9.84901341  -21.27934315
    1.20900000  -10.15053663  -20.75358486
    1.21016000   -9.67942298  -16.99908650
    1.21016000   -9.98240043  -17.40828315
    1.21016000  -10.28364865  -16.85723191
    1.21133000   -9.81287900  -12.87280787
    1.21133000  -10.11586138  -13.30466151
    1.21133000  -10.41682734  -12.72379029
    1.21249000   -9.94398645   -8.54508517
    1.21249000  -10.24699380   -9.00357606
    1.21249000  -10.54767099   -8.38752635
    1.21365000  -10.07371994   -3.93372173
    1.21365000  -10.37677886   -4.42449156
    1.21365000  -10.67715217   -3.76566983
    1.21489000  -10.21060485    1.38494633
    1.21489000  -10.51376022    0.85075511
    1.21489000  -10.81378053    1.56731382
    1.21614000  -10.34626566    7.27419655
    1.21614000  -10.64958360    6.68190847
    1.21614000  -10.94919661    7.47600633
    1.21706000  -10.44419258   12.05933688
    1.21706000  -10.74769647   11.40957049
    1.21706000  -11.04695158   12.28064762
    1.21820000  -10.56243373   18.73772415
    1.21820000  -10.86630430   17.98608848
    1.21820000  -11.16498472   18.99413835
    1.19925000   -8.36225294  -20.63066151
    1.19925000   -8.66526870  -21.02189744
    1.19925000   -8.96695957  -20.49435088
    1.20038000   -8.49275019  -16.79798305
    1.20038000   -8.79576000  -17.20833191
    1.20038000   -9.09717126  -16.65572560
    1.20152000   -8.62328441  -12.73451720
    1.20152000   -8.92630467  -13.16728264
    1.20152000   -9.22742811  -12.58518198
    1.20265000   -8.75143644   -8.47701054
    1.20265000   -9.05448788   -8.93606107
    1.20265000   -9.35531605   -8.31925814
    1.20378000   -8.87818134   -3.94508084
    1.20378000   -9.18129146   -4.43588499
    1.20378000   -9.48180798   -3.77702003
    1.20501000   -9.01425128    1.37420216
    1.20501000   -9.31746908    0.83998206
    1.20501000   -9.61761548    1.55655902
    1.20623000   -9.14680142    7.16422086
    1.20623000   -9.45019399    6.57300679
    1.20623000   -9.74991846    7.36562872
    1.20717000   -9.24681689   12.09051015
    1.20717000   -9.55041729   11.44020676
    1.20717000   -9.84975123   12.31194716
    1.20830000   -9.36369197   18.77012945
    1.20830000   -9.66768988   18.01780811
    1.20830000   -9.96640990   19.02670093
    1.18955000   -7.18477798  -20.72977096
    1.18955000   -7.48782851  -21.12063489
    1.18955000   -7.78971753  -20.59352044
    1.19068000   -7.31591481  -16.86879593
    1.19068000   -7.61896288  -17.27887878
    1.19068000   -7.92056071  -16.72658046
    1.19181000   -7.44587377  -12.81094375
    1.19181000   -7.74893677  -13.24337443
    1.19181000   -8.05023689  -12.66168741
    1.19294000   -7.57451537   -8.52123505
    1.19294000   -7.87761561   -8.98011102
    1.19294000   -8.17860680   -8.36352585
    1.19408000   -7.70276654   -3.91123288
    1.19408000   -8.00593438   -4.40241111
    1.19408000   -8.30659535   -3.74305219
    1.19528000   -7.83580223    1.32087678
    1.19528000   -8.13908698    0.78700514
    1.19528000   -8.43936720    1.50309819
    1.19648000   -7.96633735    7.05524898
    1.19648000   -8.26980960    6.46509239
    1.19648000   -8.56965097    7.25626147
    1.19743000   -8.06738975   12.06890011
    1.19743000   -8.37108974   11.41875526
    1.19743000   -8.67051164   12.29022633
    1.19855000   -8.18293784   18.74031907
    1.19855000   -8.48706415   17.98840992
    1.19855000   -8.78583515   18.99666657
    1.18000000   -6.02510111  -20.84633412
    1.18000000   -6.32819197  -21.23674508
    1.18000000   -6.63028512  -20.71016799
    1.18113000   -6.15689210  -16.95794162
    1.18113000   -6.45998387  -17.36766415
    1.18113000   -6.76177421  -16.81579716
    1.18226000   -6.28742921  -12.87011513
    1.18226000   -6.59054051  -13.30231258
    1.18226000   -6.89202060  -12.72090505
    1.18339000   -6.41656130   -8.54717677
    1.18339000   -6.71971602   -9.00599872
    1.18339000   -7.02087336   -8.38947174
    1.18452000   -6.54408123   -3.94151294
    1.18452000   -6.84731120   -4.43258505
    1.18452000   -7.14812550   -3.77336907
    1.18571000   -6.67630356    1.28737922
    1.18571000   -6.97966111    0.75367885
    1.18571000   -7.28007835    1.46952425
    1.18689000   -6.80481397    6.96672096
    1.18689000   -7.10837161    6.37739525
    1.18689000   -7.40833350    7.16741516
    1.18784000   -6.90584544   12.01466316
    1.18784000   -7.20964846   11.36510539
    1.18784000   -7.50916616   12.23573301
    1.18895000   -7.02009669   18.67169752
    1.18895000   -7.32435327   17.92088197
    1.18895000   -7.62318492   18.92758506
    1.17065000   -4.88908111  -20.79881436
    1.17065000   -5.19221740  -21.18955049
    1.17065000   -5.49450590  -20.66249352
    1.17177000   -5.02031561  -16.91058097
    1.17177000   -5.32345683  -17.32065598
    1.17177000   -5.62543331  -16.76828509
    1.17289000   -5.15023754  -12.82285540
    1.17289000   -5.45340333  -13.25543809
    1.17289000   -5.75505947  -12.67349571
    1.17400000   -5.27754693   -8.53969782
    1.17400000   -5.58076195   -8.99868507
    1.17400000   -5.88208708   -8.38192645
    1.17512000   -5.40431993   -3.93670031
    1.17512000   -5.70761806   -4.42793016
    1.17512000   -6.00858728   -3.76850714
    1.17629000   -5.53460835    1.24508533
    1.17629000   -5.83804361    0.71163314
    1.17629000   -6.13860301    1.42712885
    1.17745000   -5.66109886    6.86698200
    1.17745000   -5.96474619    6.27860430
    1.17745000   -6.26483461    7.06731941
    1.17841000   -5.76316752   12.00426975
    1.17841000   -6.06708106   11.35472070
    1.17841000   -6.36669522   12.22528058
    1.17950000   -5.87509100   18.58768960
    1.17950000   -6.17948100   17.83823222
    1.17950000   -6.47838070   18.84302628
    1.16145000   -3.77087266  -20.74183508
    1.16145000   -4.07405981  -21.13294238
    1.16145000   -4.37654651  -20.60534588
    1.16255000   -3.90036990  -16.88973431
    1.16255000   -4.20356584  -17.30002435
    1.16255000   -4.50573429  -16.74733011
    1.16366000   -4.02968044  -12.80413853
    1.16366000   -4.33290582  -13.23694161
    1.16366000   -4.63474399  -12.65468161
    1.16476000   -4.15630881   -8.52370366
    1.16476000   -4.45958951   -8.98291263
    1.16476000   -4.76108566   -8.36584793
    1.16587000   -4.28232781   -3.92344902
    1.16587000   -4.58569952   -4.41490060
    1.16587000   -4.88682695   -3.75518576
    1.16702000   -4.41067190    1.21049725
    1.16702000   -4.71419013    0.67722400
    1.16702000   -5.01489538    1.39246248
    1.16816000   -4.53513800    6.77426043
    1.16816000   -4.83887993    6.18675080
    1.16816000   -5.13909917    6.97426873
    1.16912000   -4.63719434   11.94563657
    1.16912000   -4.94122037   11.29672895
    1.16912000   -5.24094031   12.16637352
    1.17020000   -4.74784105   18.51159007
    1.17020000   -5.05236940   17.76334600
    1.17020000   -5.35134167   18.76642701
    1.15235000   -2.66452312  -20.83569174
    1.15235000   -2.96776622  -21.22645537
    1.15235000   -3.27046760  -20.69925272
    1.15345000   -2.79467281  -16.95586581
    1.15345000   -3.09792815  -17.36591744
    1.15345000   -3.40029955  -16.81349409
    1.15456000   -2.92456290  -12.83960815
    1.15456000   -3.22785241  -13.27231736
    1.15456000   -3.52988079  -12.69015318
    1.15566000   -3.05167521   -8.52539349
    1.15566000   -3.35502641   -8.98470906
    1.15566000   -3.65669878   -8.36749033
    1.15676000   -3.17694429   -3.92979069
    1.15676000   -3.48039419   -4.42131762
    1.15676000   -3.78168525   -3.76150492
    1.15789000   -3.30334762    1.15320204
    1.15789000   -3.60695287    0.62030736
    1.15789000   -3.90781011    1.33502349
    1.15902000   -3.42688085    6.70667829
    1.15902000   -3.73072310    6.11976342
    1.15902000   -4.03107551    6.90644976
    1.16002000   -3.53309326   12.14378892
    1.16002000   -3.83725360   11.49214237
    1.16002000   -4.13705634   12.36540105
    1.16110000   -3.64322975   18.79771614
    1.16110000   -3.94793577   18.04433053
    1.16110000   -4.24693720   19.05425530
    1.14340000   -1.57591885  -20.89858659
    1.14340000   -1.87922279  -21.28915439
    1.14340000   -2.18214020  -20.76215219
    1.14450000   -1.70671815  -16.98955458
    1.14450000   -2.01003792  -17.39953785
    1.14450000   -2.31261344  -16.84716235
    1.14560000   -1.83601401  -12.87926203
    1.14560000   -2.13937245  -13.31185375
    1.14560000   -2.44159523  -12.72981622
    1.14670000   -1.96361720   -8.53151687
    1.14670000   -2.26704373   -8.99091058
    1.14670000   -2.56889639   -8.37357538
    1.14779000   -2.08813512   -3.94154707
    1.14779000   -2.39166792   -4.43310928
    1.14779000   -2.69312686   -3.77325171
    1.14891000   -2.21370344    1.13583657
    1.14891000   -2.51740183    0.60296693
    1.14891000   -2.81841162    1.31763106
    1.15002000   -2.33520125    6.63029035
    1.15002000   -2.63914782    6.04406205
    1.15002000   -2.93963866    6.82979488
    1.15099000   -2.43826110   11.93160166
    1.15099000   -2.74253284   11.28261899
    1.15099000   -3.04246665   12.15225346
    1.15205000   -2.54627919   18.47565684
    1.15205000   -2.85110825   17.72780347
    1.15205000   -3.15022505   18.73020124
    1.13460000   -0.50507081  -20.91845010
    1.13460000   -0.80844042  -21.30902641
    1.13460000   -1.11157374  -20.78195797
    1.13569000   -0.63532253  -17.01480195
    1.13569000   -0.93871154  -17.42476146
    1.13569000   -1.24149412  -16.87237529
    1.13678000   -0.76401686  -12.91060236
    1.13678000   -1.06744903  -13.34312552
    1.13678000   -1.36986924  -12.76115014
    1.13787000   -0.89095680   -8.56986459
    1.13787000   -1.19446274   -9.02912606
    1.13787000   -1.49650214   -8.41195179
    1.13896000   -1.01587168   -3.94452947
    1.13896000   -1.31949235   -4.43619332
    1.13896000   -1.62112206   -3.77620293
    1.14003000   -1.13615292    0.93711538
    1.14003000   -1.43994181    0.40586473
    1.14003000   -1.74112496    1.11835909
    1.14109000   -1.25248723    6.19688599
    1.14109000   -1.55652278    5.61512231
    1.14109000   -1.85719294    6.39486288
    1.14216000   -1.36621883   12.07464886
    1.14216000   -1.67063163   11.42365528
    1.14216000   -1.97066072   12.29592777
    1.14322000   -1.47376270   18.69678425
    1.14322000   -1.77877447   17.94494325
    1.14322000   -2.07793480   18.95262981
    1.12600000    0.54196446  -20.70657715
    1.12600000    0.23852375  -21.09826185
    1.12600000   -0.06480739  -20.56969410
    1.12707000    0.41355129  -16.83465715
    1.12707000    0.11008665  -17.24566613
    1.12707000   -0.19288777  -16.69186515
    1.12814000    0.28672767  -12.76506009
    1.12814000   -0.01678542  -13.19854306
    1.12814000   -0.31939068  -12.61527902
    1.12920000    0.16285474   -8.50398659
    1.12920000   -0.14073742   -8.96379874
    1.12920000   -0.44295780   -8.34588484
    1.13027000    0.03986918   -3.92453498
    1.13027000   -0.26384466   -4.41647341
    1.13027000   -0.56564653   -3.75612130
    1.13133000   -0.07954676    0.95115408
    1.13133000   -0.38343886    0.41965125
    1.13133000   -0.68477954    1.13246279
    1.13239000   -0.19598707    6.25586383
    1.13239000   -0.50014213    5.67334695
    1.13239000   -0.80094626    6.45405651
    1.13344000   -0.30751656   12.07235534
    1.13344000   -0.61206461   11.42126123
    1.13344000   -0.91220906   12.29361297
    1.13450000   -0.41471712   18.75010311
    1.13450000   -0.71989952   17.99720496
    1.13450000   -1.01913015   19.00623546
    1.11746000    1.58205624  -20.74482730
    1.11746000    1.27854061  -21.13643388
    1.11746000    0.97498544  -20.60791340
    1.11852000    1.45420211  -16.88060529
    1.11852000    1.15065916  -17.29148281
    1.11852000    0.84746925  -16.73781246
    1.11958000    1.32798764  -12.81971035
    1.11958000    1.02439200  -13.25298960
    1.11958000    0.72158050  -12.66996540
    1.12065000    1.20245774   -8.48547773
    1.12065000    0.89877579   -8.94553104
    1.12065000    0.59636702   -8.32728583
    1.12171000    1.08024716   -3.91197234
    1.12171000    0.77643586   -4.40413012
    1.12171000    0.47445785   -3.74348946
    1.12276000    0.96169583    0.95643028
    1.12276000    0.65769639    0.42475160
    1.12276000    0.35619395    1.13777891
    1.12380000    0.84731019    6.19957810
    1.12380000    0.54303779    5.61752165
    1.12380000    0.24208400    6.39758200
    1.12485000    0.73580999   12.05752411
    1.12485000    0.43112335   11.40649420
    1.12485000    0.13085833   12.27870479
    1.12590000    0.62991894   18.72042902
    1.12590000    0.32457085   17.96793476
    1.12590000    0.02525352   18.97634290
    1.10084000    3.60760046  -20.54038864
    1.10084000    3.30392037  -20.93317900
    1.10084000    2.99993524  -20.40300907
    1.10187000    3.48221191  -16.71772756
    1.10187000    3.17849655  -17.12967871
    1.10187000    2.87489058  -16.57452265
    1.10290000    3.35853870  -12.70237643
    1.10290000    3.05476116  -13.13656963
    1.10290000    2.75154897  -12.55229073
    1.10393000    3.23679984   -8.46047380
    1.10393000    2.93292555   -8.92093214
    1.10393000    2.63012947   -8.30212647
    1.10497000    3.11614624   -3.90173349
    1.10497000    2.81212754   -4.39421952
    1.10497000    2.50978622   -3.73314796
    1.10600000    2.99932508    0.94870528
    1.10600000    2.69509896    0.41683397
    1.10600000    2.39326129    1.13008177
    1.10703000    2.88579310    6.22309494
    1.10703000    2.58126527    5.64052470
    1.10703000    2.28001678    6.42119961
    1.10806000    2.77654280   12.06012910
    1.10806000    2.47156371   11.40880104
    1.10806000    2.17105123   12.28130079
    1.10909000    2.67329672   18.69536962
    1.10909000    2.36760121   17.94307699
    1.10909000    2.06810454   18.95105695
    1.09272000    4.59787297  -20.41838943
    1.09272000    4.29410394  -20.81186937
    1.09272000    3.98990202  -20.28074864
    1.09373000    4.47435481  -16.63611031
    1.09373000    4.17054672  -17.04860146
    1.09373000    3.86672876  -16.49269916
    1.09475000    4.35137313  -12.62476893
    1.09475000    4.04749779  -13.05953154
    1.09475000    3.74408300  -12.47447839
    1.09577000    4.23038607   -8.38714123
    1.09577000    3.92640761   -8.84820280
    1.09577000    3.62341951   -8.22858942
    1.09678000    4.11285478   -3.92403615
    1.09678000    3.80872722   -4.41648083
    1.09678000    3.50619677   -3.75546542
    1.09780000    3.99688580    0.91413802
    1.09780000    3.69254178    0.38243902
    1.09780000    3.39052836    1.09544074
    1.09881000    3.88538544    6.11961093
    1.09881000    3.58073154    5.53799493
    1.09881000    3.27931708    6.31736372
    1.09983000    3.77715400   11.93118983
    1.09983000    3.47203472   11.28142330
    1.09983000    3.17137525   12.15177907
    1.10084000    3.67602991   18.46101031
    1.10084000    3.37018429   17.71269275
    1.10084000    3.07055298   18.71524846
    1.08471000    5.57518957  -20.33090901
    1.08471000    5.27132764  -20.72491493
    1.08471000    4.96690296  -20.19305685
    1.08571000    5.45232634  -16.55323500
    1.08571000    5.14842131  -16.96627428
    1.08571000    4.84438895  -16.40961565
    1.08671000    5.33124607  -12.58716367
    1.08671000    5.02726961  -13.02226270
    1.08671000    4.72364555  -12.43674121
    1.08772000    5.21099701   -8.35685145
    1.08772000    4.90691147   -8.81823402
    1.08772000    4.60372431   -8.19818484
    1.08870000    5.09658254   -3.99438142
    1.08870000    4.79234416   -4.48642473
    1.08870000    4.48961632   -3.82594096
    1.08972000    4.98031193    0.87664933
    1.08972000    4.67584636    0.34514758
    1.08972000    4.37365361    1.05787043
    1.09072000    4.86975739    6.06578916
    1.09072000    4.56497053    5.48460336
    1.09072000    4.26339246    6.26336473
    1.09172000    4.76362035   11.79630648
    1.09172000    4.45835841   11.14816960
    1.09172000    4.15754681   12.01629145
    1.09272000    4.66363414   18.28847232
    1.09272000    4.35762814   17.54301957
    1.09272000    4.05786767   18.54164646
    1.07682000    6.53831550  -20.23187543
    1.07682000    6.23435649  -20.62646449
    1.07682000    5.92970787  -20.09379534
    1.07781000    6.41612160  -16.45884475
    1.07781000    6.11211539  -16.87249460
    1.07781000    5.80786740  -16.31499865
    1.07880000    6.29576044  -12.49769095
    1.07880000    5.99167768  -12.93343152
    1.07880000    5.68784716  -12.34704209
    1.07978000    6.17865116   -8.35922566
    1.07978000    5.87445562   -8.82071444
    1.07978000    5.57106320   -8.20051225
    1.08077000    6.06272100   -3.91620511
    1.08077000    5.75836196   -4.40896212
    1.08077000    5.45544975   -3.74753674
    1.08176000    5.94962514    0.84938571
    1.08176000    5.64503378    0.31799111
    1.08176000    5.34265972    1.03055484
    1.08274000    5.84111126    5.96770902
    1.08274000    5.53619115    5.38741429
    1.08274000    5.23444042    6.16495510
    1.08373000    5.73598764   11.67153327
    1.08373000    5.43057913   11.02488487
    1.08373000    5.12961268   11.89096278
    1.08471000    5.63809786   18.05676684
    1.08471000    5.33193746   17.31516414
    1.08471000    5.03203170   18.30854000
    1.06905000    7.48723469  -20.11143032
    1.06905000    7.18317441  -20.50670776
    1.06905000    6.87830190  -19.97309144
    1.07002000    7.36696058  -16.38197610
    1.07002000    7.06284948  -16.79614528
    1.07002000    6.75838168  -16.23793163
    1.07099000    7.24852887  -12.46868200
    1.07099000    6.94433729  -12.90471008
    1.07099000    6.64029148  -12.31791702
    1.07197000    7.13098699   -8.29620762
    1.07197000    6.82667551   -8.75823429
    1.07197000    6.52308220   -8.13731130
    1.07294000    7.01705563   -3.90772227
    1.07294000    6.71257496   -4.40067026
    1.07294000    6.40946819   -3.73899393
    1.07391000    6.90597209    0.79511004
    1.07391000    6.60125289    0.26405806
    1.07391000    6.29869128    0.97615074
    1.07488000    6.79839196    5.89365867
    1.07488000    6.49333358    5.31400113
    1.07488000    6.19140976    6.09066007
    1.07585000    6.69533410   11.51154652
    1.07585000    6.38977973   10.86683198
    1.07585000    6.08864906   11.73027172
    1.07682000    6.59852443   17.85371807
    1.07682000    6.29220377   17.11543797
    1.07682000    5.99215275   18.10427419
    1.06139000    8.42317975  -19.99756772
    1.06139000    8.11901437  -20.39350393
    1.06139000    7.81391514  -19.85897961
    1.06234000    8.30484301  -16.31327547
    1.06234000    8.00062334  -16.72792183
    1.06234000    7.69593252  -16.16904592
    1.06330000    8.18713903  -12.40783206
    1.06330000    7.88283407  -12.84433565
    1.06330000    7.57857395  -12.25689297
    1.06426000    8.07156439   -8.28778119
    1.06426000    7.76713504   -8.74998602
    1.06426000    7.46333235   -8.12881559
    1.06522000    7.95844653   -3.91177732
    1.06522000    7.65384113   -4.40482231
    1.06522000    7.35053566   -3.74301912
    1.06618000    7.84824387    0.77659981
    1.06618000    7.54339129    0.24557749
    1.06618000    7.24064343    0.95761427
    1.06713000    7.74271563    5.80256662
    1.06713000    7.43751708    5.22372083
    1.06713000    7.13541455    5.99926623
    1.06809000    7.64066816   11.39270952
    1.06809000    7.33496105   10.74938798
    1.06809000    7.03366838   11.61091378
    1.06905000    7.54497896   17.69717321
    1.06905000    7.23848936   16.96140346
    1.06905000    6.93829713   17.94679328
    1.05383000    9.34740125  -19.91955646
    1.05383000    9.04312741  -20.31597919
    1.05383000    8.73779534  -19.78077117
    1.05478000    9.22852151  -16.20331730
    1.05478000    8.92418875  -16.61866184
    1.05478000    8.61927732  -16.05883597
    1.05572000    9.11279593  -12.34630486
    1.05572000    8.80837385  -12.78328894
    1.05572000    8.50389720  -12.19519047
    1.05667000    8.99800867   -8.23547562
    1.05667000    8.69345628   -8.69814907
    1.05667000    8.38944669   -8.07634947
    1.05761000    8.88690472   -3.91719546
    1.05761000    8.58217113   -4.41032745
    1.05761000    8.27866415   -3.74841056
    1.05855000    8.77871836    0.70483958
    1.05855000    8.47373226    0.17431062
    1.05855000    8.17078867    0.88567732
    1.05950000    8.67302006    5.76324910
    1.05950000    8.36767412    5.18467583
    1.05950000    8.06539669    5.95982568
    1.06044000    8.57306479   11.26881789
    1.06044000    8.26720277   10.62694618
    1.06044000    7.96574351   11.48648316
    1.06139000    8.47847894   17.53408687
    1.06139000    8.17181924   16.80091650
    1.06139000    7.87147996   17.78274202
    1.04639000   10.25736780  -19.79218216
    1.04639000    9.95298122  -20.18933321
    1.04639000    9.64741990  -19.65312821
    1.04732000   10.14046292  -16.12235920
    1.04732000    9.83601395  -16.53824903
    1.04732000    9.53087659  -15.97767311
    1.04825000   10.02549388  -12.27416601
    1.04825000    9.72095077  -12.71169434
    1.04825000    9.41625661  -12.12285702
    1.04918000    9.91270769   -8.21748825
    1.04918000    9.60802996   -8.68040384
    1.04918000    9.30380718   -8.05827296
    1.05011000    9.80243749   -3.91279180
    1.05011000    9.49757182   -4.40608488
    1.05011000    9.19386192   -3.74395649
    1.05104000    9.69514717    0.69360911
    1.05104000    9.39002055    0.16304557
    1.05104000    9.08688599    0.87444193
    1.05197000    9.59151050    5.67786013
    1.05197000    9.28601780    5.10003487
    1.05197000    8.98355602    5.87415717
    1.05290000    9.49256339   11.15443951
    1.05290000    9.18654280   10.51388866
    1.05290000    8.88491481   11.37161017
    1.05383000    9.40003358   17.31022291
    1.05383000    9.09321105   16.58063327
    1.05383000    8.79270780   17.55757897
    1.03904000   11.15685851  -19.72210283
    1.03904000   10.85235640  -20.11970448
    1.03904000   10.54655721  -19.58286349
    1.03996000   11.04066749  -16.06191762
    1.03996000   10.73609920  -16.47824416
    1.03996000   10.43073144  -15.91706013
    1.04088000   10.92645243  -12.22422060
    1.04088000   10.62178539  -12.66216290
    1.04088000   10.31686902  -12.07275760
    1.04180000   10.81446597   -8.17911188
    1.04180000   10.50965867   -8.64240506
    1.04180000   10.20522278   -8.01976509
    1.04271000   10.70622254   -3.93551300
    1.04271000   10.40122281   -4.42876342
    1.04271000   10.09730418   -3.76669225
    1.04363000   10.59981160    0.65248501
    1.04363000   10.29454316    0.12214667
    1.04363000    9.99121111    0.83322884
    1.04455000   10.49712155    5.61477513
    1.04455000   10.19147731    5.03746524
    1.04455000    9.88883128    5.81086994
    1.04547000   10.39920211   11.06402349
    1.04547000   10.09301766   10.42448348
    1.04547000    9.79122141   11.28080444
    1.04639000   10.30779840   17.18355597
    1.04639000   10.00079633   16.45592018
    1.04639000    9.70014457   17.43017166
    1.03180000   12.04332520  -19.62366753
    1.03180000   11.73870370  -20.02185966
    1.03180000   11.43266805  -19.48420177
    1.03271000   11.92787256  -15.97241465
    1.03271000   11.62318088  -16.38933473
    1.03271000   11.31758415  -15.82733873
    1.03361000   11.81567127  -12.18748738
    1.03361000   11.51087734  -12.62576598
    1.03361000   11.20573504  -12.03589457
    1.03452000   11.70448378   -8.15536162
    1.03452000   11.39954415   -8.61893589
    1.03452000   11.09489118   -7.99591378
    1.03542000   11.59709259   -3.92671613
    1.03542000   11.29195397   -4.42016106
    1.03542000   10.98782808   -3.75783428
    1.03633000   11.49158823    0.64451748
    1.03633000   11.18617263    0.11411568
    1.03633000   10.88264488    0.82526604
    1.03723000   11.39096867    5.53033319
    1.03723000   11.08517187    4.95375658
    1.03723000   10.78233548    5.72615456
    1.03814000   11.29405080   10.94915567
    1.03814000   10.98770271   10.31093021
    1.03814000   10.68573073   11.16544599
    1.03904000   11.20467812   16.95688762
    1.03904000   10.89751032   16.23281754
    1.03904000   10.59668478   17.20221378
    1.02466000   12.91802107  -19.52725922
    1.02466000   12.61327684  -19.92603346
    1.02466000   12.30700265  -19.38757009
    1.02555000   12.80457950  -15.92701905
    1.02555000   12.49976212  -16.34429691
    1.02555000   12.19392916  -15.78179640
    1.02645000   12.69190610  -12.11148542
    1.02645000   12.38698070  -12.55033412
    1.02645000   12.08161520  -11.95969117
    1.02734000   12.58276183   -8.13669859
    1.02734000   12.27768684   -8.60052051
    1.02734000   11.97281397   -7.97716030
    1.02823000   12.47622516   -3.92402464
    1.02823000   12.17094479   -4.41761836
    1.02823000   11.86660856   -3.75509626
    1.02912000   12.37276921    0.57680204
    1.02912000   12.06720756    0.04685533
    1.02912000   11.76347345    0.75738780
    1.03002000   12.27197985    5.49348197
    1.03002000   11.96602347    4.91714790
    1.03002000   11.66300099    5.68919185
    1.03091000   12.17714469   10.82312255
    1.03091000   11.87063189   10.18634472
    1.03091000   11.56847883   11.03887873
    1.03180000   12.08882927   16.78791574
    1.03180000   11.78148497   16.06644603
    1.03180000   11.48049352   17.03228415
    1.01762000   13.78092757  -19.42462915
    1.01762000   13.47605720  -19.82401771
    1.01762000   13.16954350  -19.28470772
    1.01850000   13.66825258  -15.83469204
    1.01850000   13.36330510  -16.25258107
    1.01850000   13.05723977  -15.68924658
    1.01938000   13.55762255  -12.07374956
    1.01938000   13.25256371  -12.51294176
    1.01938000   12.94696834  -11.92182386
    1.02026000   13.44929704   -8.11355961
    1.02026000   13.14408336   -8.57765918
    1.02026000   12.83898900   -7.95392161
    1.02114000   13.34362377   -3.91726547
    1.02114000   13.03819833   -4.41103874
    1.02114000   12.73365007   -3.74828079
    1.02202000   13.24108307    0.56480835
    1.02202000   12.93536854    0.03483266
    1.02202000   12.63143323    0.74538806
    1.02290000   13.14236540    5.40243176
    1.02290000   12.83625163    4.82689458
    1.02290000   12.53303204    5.59784845
    1.02378000   13.04851790   10.69910387
    1.02378000   12.74183789   10.06374040
    1.02378000   12.43950072   10.91433812
    1.02466000   12.96125292   16.62053087
    1.02466000   12.65373016   15.90161477
    1.02466000   12.35256908   16.86395922
    1.01067000   14.63331872  -19.34772325
    1.01067000   14.32831949  -19.74760075
    1.01067000   14.02156132  -19.20760714
    1.01154000   14.52140633  -15.76986398
    1.01154000   14.21632627  -16.18821718
    1.01154000   13.91002336  -15.62424050
    1.01241000   14.41157297  -12.02206821
    1.01241000   14.10637709  -12.46168751
    1.01241000   13.80055168  -11.86998570
    1.01328000   14.30408268   -8.07635755
    1.01328000   13.99872659   -8.54082863
    1.01328000   13.69341054   -7.91659071
    1.01415000   14.19928884   -3.89624993
    1.01415000   13.89371448   -4.39031025
    1.01415000   13.58895395   -3.72717488
    1.01501000   14.09882650    0.51422182
    1.01501000   13.79295904   -0.01544870
    1.01501000   13.48881467    0.69468784
    1.01588000   14.00105081    5.32570517
    1.01588000   13.69477577    4.75081568
    1.01588000   13.39135848    5.52087830
    1.01675000   13.90820325   10.59016217
    1.01675000   13.60135195    9.95601810
    1.01675000   13.29883015   10.80494062
    1.01762000   13.82200079   16.46951205
    1.01762000   13.51429517   15.75286942
    1.01762000   13.21296416   16.71209739
    1.00382000   15.47388138  -19.24862463
    1.00382000   15.16874977  -19.64910196
    1.00382000   14.86174830  -19.10828164
    1.00468000   15.36275436  -15.68245300
    1.00468000   15.05753802  -16.10139348
    1.00468000   14.75099869  -15.53661490
    1.00553000   15.25499503  -11.99181746
    1.00553000   14.94965984  -12.43173660
    1.00553000   14.64359975  -11.83961736
    1.00639000   15.14833356   -8.06244582
    1.00639000   14.84283314   -8.52713376
    1.00639000   14.53729038   -7.90259851
    1.00725000   15.04440850   -3.90069440
    1.00725000   14.73868378   -4.39485025
    1.00725000   14.43370545   -3.73158977
    1.00810000   14.94486308    0.48838355
    1.00810000   14.63883811   -0.04119657
    1.00810000   14.33448587    0.66880541
    1.00896000   14.84805341    5.27509273
    1.00896000   14.54161204    4.70058288
    1.00896000   14.23799856    5.47011068
    1.00982000   14.75623242   10.50926636
    1.00982000   14.44920406    9.87598873
    1.00982000   14.14649977   10.72370758
    1.01067000   14.67206561   16.27717927
    1.01067000   14.36418252   15.56344334
    1.01067000   14.06266837   16.51870795
    0.99706000   16.30389282  -19.15985333
    0.99706000   15.99862600  -19.56088080
    0.99706000   15.69137831  -19.01929867
    0.99791000   16.19355575  -15.60645062
    0.99791000   15.88820041  -16.02591786
    0.99791000   15.58142155  -15.46041657
    0.99875000   16.08662335  -11.93003903
    0.99875000   15.78114473  -12.37044677
    0.99875000   15.47485227  -11.77766389
    0.99960000   15.98081939   -8.01592054
    0.99960000   15.67517016   -8.48104289
    0.99960000   15.36940315   -7.85592520
    1.00044000   15.87898740   -3.92144612
    1.00044000   15.57311053   -4.41557483
    1.00044000   15.26791001   -3.75235067
    1.00129000   15.77919679    0.49819771
    1.00129000   15.47300879   -0.03160063
    1.00129000   15.16845180    0.67867488
    1.00213000   15.68448938    5.20399184
    1.00213000   15.37788120    4.63006886
    1.00213000   15.07406567    5.39878721
    1.00298000   15.59366905   10.40499577
    1.00298000   15.28646439    9.77286947
    1.00298000   14.98357034   10.61900558
    1.00382000   15.51055356   16.12966914
    1.00382000   15.20248381   15.41811415
    1.00382000   14.90079298   16.37038953
    0.99039000   17.12333470  -19.07397956
    0.99039000   16.81792978  -19.47554405
    0.99039000   16.51043395  -18.93321761
    0.99123000   17.01379637  -15.53409280
    0.99123000   16.70829920  -15.95406808
    0.99123000   16.40127872  -15.38786886
    0.99206000   16.90769807  -11.87272831
    0.99206000   16.60207328  -12.31359876
    0.99206000   16.29554618  -11.72018639
    0.99289000   16.80399036   -8.02245460
    0.99289000   16.49819212   -8.48765790
    0.99289000   16.19219176   -7.86242126
    0.99373000   16.70182962   -3.89873347
    0.99373000   16.39579512   -4.39316237
    0.99373000   16.09037657   -3.72954364
    0.99456000   16.60413897    0.44614507
    0.99456000   16.29779017   -0.08333652
    0.99456000   15.99301695    0.62650564
    0.99539000   16.51037667    5.12309910
    0.99539000   16.20360030    4.54986034
    0.99539000   15.89957853    5.31764064
    0.99623000   16.42054266   10.28918699
    0.99623000   16.11316115    9.65834823
    0.99623000   15.81007219   10.50272098
    0.99706000   16.33845369   15.96843997
    0.99706000   16.03019813   15.25926307
    0.99706000   15.72832383   16.20828671
    0.98381000   17.93218449  -18.98353170
    0.98381000   17.62663849  -19.38565722
    0.98381000   17.31889366  -18.84255594
    0.98463000   17.82475553  -15.50099420
    0.98463000   17.51911491  -15.92126470
    0.98463000   17.21184590  -15.35464443
    0.98546000   17.71820615  -11.81170156
    0.98546000   17.41243218  -12.25305777
    0.98546000   17.10566934  -11.65898617
    0.98628000   17.61537604   -7.97843729
    0.98628000   17.30942348   -8.44405893
    0.98628000   17.00319496   -7.81826130
    0.98710000   17.51532625   -3.92426196
    0.98710000   17.20913457   -4.41862788
    0.98710000   16.90348906   -3.75509247
    0.98793000   17.41738907    0.45011521
    0.98793000   17.11087238   -0.07953414
    0.98793000   16.80588943    0.63051501
    0.98875000   17.32462788    5.10210415
    0.98875000   17.01767477    4.52894152
    0.98875000   16.71345453    5.29659093
    0.98957000   17.23688181   10.17359365
    0.98957000   16.92932148    9.54403320
    0.98957000   16.62603471   10.38665588
    0.99039000   17.15581149   15.80676194
    0.99039000   16.84736875   15.09995172
    0.99039000   16.54530730   16.04574054
    0.97732000   18.73041557  -18.88099532
    0.97732000   18.42472541  -19.28374362
    0.97732000   18.11673185  -18.73978822
    0.97813000   18.62382240  -15.41282468
    0.97813000   18.31803382  -15.83369103
    0.97813000   18.01052226  -15.26625957
    0.97894000   18.51940560  -11.78463099
    0.97894000   18.21348112  -12.22626971
    0.97894000   17.90647621  -11.63180431
    0.97975000   18.41743758   -7.97088888
    0.97975000   18.11132991   -8.43668564
    0.97975000   17.80486636   -7.81064581
    0.98057000   18.31707474   -3.88727154
    0.98057000   18.01071912   -4.38204542
    0.98057000   17.70485401   -3.71797383
    0.98138000   18.22126382    0.41114953
    0.98138000   17.91458028   -0.11829674
    0.98138000   17.60937886    0.59146972
    0.98219000   18.12946312    5.03387787
    0.98219000   17.82233588    4.46126855
    0.98219000   17.51790679    5.22815449
    0.98300000   18.04271389   10.06987443
    0.98300000   17.73497121    9.44144137
    0.98300000   17.43148616   10.28251595
    0.98381000   17.96267188   15.65772805
    0.98381000   17.65403828   14.95307300
    0.98381000   17.35178929   15.89591167
    0.97091000   19.51933219  -18.80106483
    0.97091000   19.21349567  -19.20432421
    0.97091000   18.90524888  -18.65965964
    0.97171000   19.41357192  -15.34887973
    0.97171000   19.10763348  -15.77021081
    0.97171000   18.79987457  -15.20213888
    0.97251000   19.31001213  -11.73807854
    0.97251000   19.00393367  -12.18011718
    0.97251000   18.69668782  -11.58510508
    0.97331000   19.20892777   -7.94347532
    0.97331000   18.90266135   -8.40958006
    0.97331000   18.59596389   -7.78312413
    0.97411000   19.11068293   -3.93253775
    0.97411000   18.80416643   -4.42710000
    0.97411000   18.49806754   -3.76330700
    0.97492000   19.01461090    0.39327550
    0.97492000   18.70775631   -0.13615004
    0.97492000   18.40233777    0.57357471
    0.97572000   18.92379332    4.98771105
    0.97572000   18.61648735    4.41543106
    0.97572000   18.31185103    5.18185099
    0.97652000   18.83806522    9.98960798
    0.97652000   18.53013500    9.36201280
    0.97652000   18.22645375   10.20192561
    0.97732000   18.75907935   15.53427486
    0.97732000   18.45024872   14.83137080
    0.97732000   18.14781522   15.77180155