    1.26130000  -18.61864011  -19.61994407
    1.26130000  -18.93113639  -18.91725672
    1.26130000  -18.30640188  -20.30833634
    1.26230000  -18.74010558  -16.00326794
    1.26230000  -19.05285874  -15.27018636
    1.26230000  -18.42762392  -16.72093188
    1.26340000  -18.87565008  -11.83607114
    1.26340000  -19.18874960  -11.06442324
    1.26340000  -18.56284032  -12.59077973
    1.26450000  -19.01357903   -7.43844048
    1.26450000  -19.32710930   -6.62127097
    1.26450000  -18.70036180   -8.23672960
    1.26552000  -19.14402708   -3.11657646
    1.26552000  -19.45805516   -2.24891606
    1.26552000  -18.83034007   -3.96301217
    1.26680000  -19.31202468    2.71463454
    1.26680000  -19.62686339    3.66160310
    1.26680000  -18.99757596    1.79300132
    1.26800000  -19.47511336    8.70777215
    1.26800000  -19.79099228    9.75353718
    1.26800000  -19.15969403    7.69324490
    1.26900000  -19.61655480   14.22012785
    1.26900000  -19.93363265   15.37760541
    1.26900000  -19.30002747   13.10168925
    1.26990000  -19.74973886   19.73034185
    1.26990000  -20.06832873   21.02710588
    1.26990000  -19.43183238   18.48416067
    1.25060000  -17.20248935  -19.66206293
    1.25060000  -17.51505419  -18.95952587
    1.25060000  -16.89018019  -20.35031533
    1.25160000  -17.32418721  -16.01475027
    1.25160000  -17.63700149  -15.28158520
    1.25160000  -17.01164193  -16.73249977
    1.25270000  -17.45996841  -11.81063098
    1.25270000  -17.77312079  -11.03855535
    1.25270000  -17.14710311  -12.56575531
    1.25380000  -17.59811574   -7.37182612
    1.25380000  -17.91169062   -6.55375042
    1.25380000  -17.28485105   -8.17098705
    1.25479000  -17.72487072   -3.13909459
    1.25479000  -18.03891987   -2.27154586
    1.25479000  -17.41115872   -3.98543039
    1.25605000  -17.89029960    2.64727361
    1.25605000  -18.20513055    3.59339893
    1.25605000  -17.57585322    1.72642986
    1.25720000  -18.04642064    8.42419376
    1.25720000  -18.36222217    9.46495205
    1.25720000  -17.73106865    7.41434375
    1.25825000  -18.19469844   14.24906812
    1.25825000  -18.51172951   15.40732128
    1.25825000  -17.87821018   13.12990195
    1.25910000  -18.32019431   19.48692770
    1.25910000  -18.63862016   20.77690965
    1.25910000  -18.00243357   18.24690401
    1.24005000  -15.80649348  -19.81157142
    1.24005000  -16.11912597  -19.11004387
    1.24005000  -15.49411397  -20.49885552
    1.24110000  -15.93451911  -15.95042707
    1.24110000  -16.24740537  -15.21651155
    1.24110000  -15.62189965  -16.66890371
    1.24220000  -16.07058104  -11.70531948
    1.24220000  -16.38379838  -10.93203364
    1.24220000  -15.75764849  -12.46160998
    1.24325000  -16.20264804   -7.43015708
    1.24325000  -16.51626015   -6.61254711
    1.24325000  -15.88934256   -8.22887887
    1.24425000  -16.33080695   -3.11869032
    1.24425000  -16.64488801   -2.25071859
    1.24425000  -16.01705941   -3.96543498
    1.24545000  -16.48837221    2.43184858
    1.24545000  -16.80318023    3.37494617
    1.24545000  -16.17394205    1.51385869
    1.24665000  -16.65121812    8.50541120
    1.24665000  -16.96701794    9.54778540
    1.24665000  -16.33586279    7.49404000
    1.24770000  -16.79952290   14.39238000
    1.24770000  -17.11653965   15.55399447
    1.24770000  -16.48304344   13.27009629
    1.24855000  -16.92503810   19.69384312
    1.24855000  -17.24344187   20.98975996
    1.24855000  -16.60729405   18.44840537
    1.22970000  -14.43662747  -19.87335791
    1.22970000  -14.74933862  -19.17213349
    1.22970000  -14.12416688  -20.56035478
    1.23075000  -14.56490018  -15.98091720
    1.23075000  -14.87785680  -15.24708264
    1.23075000  -14.25220779  -16.69932125
    1.23180000  -14.69495496  -11.89938646
    1.23180000  -15.00821747  -11.12781318
    1.23180000  -14.38197357  -12.65404006
    1.23290000  -14.83346790   -7.38641567
    1.23290000  -15.14713288   -6.56814831
    1.23290000  -14.52010659   -8.18577155
    1.23388000  -14.95920981   -3.12367064
    1.23388000  -15.27332520   -2.25558987
    1.23388000  -14.64542417   -3.97052545
    1.23503000  -15.11022531    2.23323425
    1.23503000  -15.42502027    3.17357461
    1.23503000  -14.79580177    1.31784336
    1.23625000  -15.27566425    8.44804110
    1.23625000  -15.59144266    9.48952447
    1.23625000  -14.96032350    7.43749514
    1.23730000  -15.42383608   14.38168028
    1.23730000  -15.74080800   15.54317922
    1.23730000  -15.10739303   13.25949261
    1.23815000  -15.54918889   19.72965136
    1.23815000  -15.86752507   21.02668044
    1.23815000  -15.23150222   18.48318823
    1.21960000  -13.09892654  -19.64630204
    1.21960000  -13.41173767  -18.94306540
    1.21960000  -12.78636451  -20.33524420
    1.22060000  -13.22141063  -15.90074858
    1.22060000  -13.53445014  -15.16602144
    1.22060000  -12.90863319  -16.62001648
    1.22160000  -13.34549706  -11.98029984
    1.22160000  -13.65881989  -11.20933010
    1.22160000  -13.03245221  -12.73438011
    1.22270000  -13.48417899   -7.43245770
    1.22270000  -13.79789329   -6.61451816
    1.22270000  -13.17076488   -8.23150627
    1.22368000  -13.61004274   -3.13500256
    1.22368000  -13.92419705   -2.26689031
    1.22368000  -13.29621438   -3.98189375
    1.22482000  -13.75983318    2.21960081
    1.22482000  -14.07464733    3.15990486
    1.22482000  -13.44538573    1.30423701
    1.22600000  -13.91976789    8.27247967
    1.22600000  -14.23551063    9.31094822
    1.22600000  -13.60445458    7.26474774
    1.22705000  -14.06767778   14.23932924
    1.22705000  -14.38458182   15.39774499
    1.22705000  -13.75129187   13.11998077
    1.22790000  -14.19271995   19.61878289
    1.22790000  -14.51095322   20.91277128
    1.22790000  -13.87512213   18.37507218
    1.20960000  -11.77509310  -19.66129097
    1.20960000  -12.08799510  -18.95798146
    1.20960000  -11.46243791  -20.35030849
    1.21060000  -11.89784010  -15.88382272
    1.21060000  -12.21096295  -15.14875756
    1.21060000  -11.58497691  -16.60342105
    1.21165000  -12.02843348  -11.72547222
    1.21165000  -12.34184754  -10.95183393
    1.21165000  -11.71529574  -12.48211742
    1.21270000  -12.16110058   -7.33761200
    1.21270000  -12.47488236   -6.51845069
    1.21270000  -11.84761631   -8.13783397
    1.21365000  -12.28327348   -3.13364007
    1.21365000  -12.59747324   -2.26533748
    1.21365000  -11.96939596   -3.98071881
    1.21480000  -12.43451585    2.31761226
    1.21480000  -12.74936931    3.25951798
    1.21480000  -12.12002535    1.40072711
    1.21595000  -12.59043925    8.27101270
    1.21595000  -12.90618261    9.30960576
    1.21595000  -12.27511934    7.26315554
    1.21705000  -12.74548223   14.59468713
    1.21705000  -13.06243266   15.76128207
    1.21705000  -12.42904817   13.46776940
    1.21785000  -12.86322427   19.72381910
    1.21785000  -13.18142065   21.02087950
    1.21785000  -12.54565509   18.47729981
    1.19980000  -10.47724168  -19.53681178
    1.19980000  -10.79024644  -18.83230677
    1.19980000  -10.16448191  -20.22698702
    1.20080000  -10.60031041  -15.72108531
    1.20080000  -10.91353022  -14.98439539
    1.20080000  -10.28734840  -16.44225166
    1.20180000  -10.72495216  -11.72333504
    1.20180000  -11.03844231  -10.94949038
    1.20180000  -10.41173557  -12.48018375
    1.20280000  -10.85145103   -7.51398325
    1.20280000  -11.16528065   -6.69657800
    1.20280000  -10.53791481   -8.31253317
    1.20378000  -10.97757453   -3.14647385
    1.20378000  -11.29182317   -2.27815598
    1.20378000  -10.66364434   -3.99357358
    1.20495000  -11.13159635    2.45110389
    1.20495000  -11.44649807    3.39513954
    1.20495000  -10.81705416    1.53219830
    1.20610000  -11.28767866    8.47054685
    1.20610000  -11.60346073    9.51288814
    1.20610000  -10.97231644    7.45917172
    1.20717000  -11.43854268   14.68957351
    1.20717000  -11.75548639   15.85846643
    1.20717000  -11.12210885   13.56052242
    1.20795000  -11.55322194   19.73757549
    1.20795000  -11.87136145   21.03512640
    1.20795000  -11.23569901   18.49059613
    1.19010000   -9.19308613  -19.63071839
    1.19010000   -9.50618697  -18.92677365
    1.19010000   -8.88022776  -20.32035861
    1.19110000   -9.31639592  -15.78659001
    1.19110000   -9.62970299  -15.05028721
    1.19110000   -9.00334395  -16.50738941
    1.19210000   -9.44125235  -11.75785746
    1.19210000   -9.75482061  -10.98416372
    1.19210000   -9.12795472  -12.51456705
    1.19310000   -9.56793866   -7.51429485
    1.19310000   -9.88183685   -6.69671155
    1.19310000   -9.25433069   -8.31302091
    1.19408000   -9.69421872   -3.10924083
    1.19408000  -10.00852616   -2.24028513
    1.19408000   -9.38022627   -3.95695395
    1.19520000   -9.84171519    2.28873575
    1.19520000  -10.15663185    3.23055001
    1.19520000   -9.52715213    1.37192241
    1.19631000   -9.99216373    8.12291846
    1.19631000  -10.30790086    9.15916459
    1.19631000   -9.67683651    7.11724195
    1.19740000  -10.14545557   14.47856111
    1.19740000  -10.46233389   15.64277462
    1.19740000   -9.82907537   13.35382149
    1.19820000  -10.26277476   19.68485840
    1.19820000  -10.58084556   20.98101701
    1.19820000   -9.94530832   18.43913154
    1.18060000   -7.93481589  -19.55475015
    1.18060000   -8.24802553  -18.84999831
    1.18060000   -7.62184673  -20.24517364
    1.18160000   -8.05843574  -15.67442329
    1.18160000   -8.37184489  -14.93693821
    1.18160000   -7.74527961  -16.39636508
    1.18260000   -8.18358602  -11.60567382
    1.18260000   -8.49724983  -10.83030315
    1.18260000   -7.87019070  -12.36399713
    1.18360000   -8.31055204   -7.31726561
    1.18360000   -8.62453958   -6.49733671
    1.18360000   -7.99685253   -8.11823898
    1.18452000   -8.42928007   -3.14301239
    1.18452000   -8.74364373   -2.27429932
    1.18452000   -8.11522751   -3.99050113
    1.18563000   -8.57553696    2.24799434
    1.18563000   -8.89048933    3.18937926
    1.18563000   -8.26093331    1.33157952
    1.18674000   -8.72598474    8.12858454
    1.18674000   -9.04173935    9.16508655
    1.18674000   -8.41063426    7.12265966
    1.18784000   -8.88064434   14.60277473
    1.18784000   -9.19753153   15.76994651
    1.18784000   -8.56424930   13.47529113
    1.18862000   -8.99493236   19.72913623
    1.18862000   -9.31296469   21.02665163
    1.18862000   -8.67749464   18.48216109
    1.17120000   -6.69010104  -19.67298856
    1.17120000   -7.00341488  -18.96899003
    1.17120000   -6.37702509  -20.36269096
    1.17220000   -6.81396362  -15.76540322
    1.17220000   -7.12746760  -15.02852880
    1.17220000   -6.50070986  -16.48676309
    1.17320000   -6.93932635  -11.66695165
    1.17320000   -7.25307521  -10.89199320
    1.17320000   -6.62584296  -12.42488533
    1.17420000   -7.06647285   -7.34577752
    1.17420000   -7.38053509   -6.52597925
    1.17420000   -6.75269531   -8.14663211
    1.17512000   -7.18533700   -3.13791885
    1.17512000   -7.49976523   -2.26896503
    1.17512000   -6.87121622   -3.98564318
    1.17622000   -7.33038212    2.24853468
    1.17622000   -7.64537994    3.19009634
    1.17622000   -7.01572853    1.33194543
    1.17731000   -7.47810938    8.06754017
    1.17731000   -7.79387622    9.10310877
    1.17731000   -7.16274019    7.06248091
    1.17841000   -7.63262619   14.59017457
    1.17841000   -7.94949925   15.75719202
    1.17841000   -7.31623702   13.46282242
    1.17920000   -7.74823838   19.82901959
    1.17920000   -8.06625022   21.12947571
    1.17920000   -7.43081269   18.57935583
    1.16200000   -5.47120214  -19.59099063
    1.16200000   -5.78463316  -18.88613560
    1.16200000   -5.15800702  -20.28152394
    1.16300000   -5.59538443  -15.64681823
    1.16300000   -5.90899869  -14.90870285
    1.16300000   -5.28201832  -16.36937693
    1.16400000   -5.72104857  -11.50783436
    1.16400000   -6.03490096  -10.73112601
    1.16400000   -5.40745950  -12.26745161
    1.16490000   -5.83564749   -7.58916954
    1.16490000   -6.14977250   -6.77185506
    1.16490000   -5.52180286   -8.38765673
    1.16587000   -5.96106810   -3.12347636
    1.16587000   -6.27556605   -2.25416493
    1.16587000   -5.64687401   -3.97154750
    1.16695000   -6.10357124    2.20699376
    1.16695000   -6.41861412    3.14811725
    1.16695000   -5.78886776    1.29081136
    1.16803000   -6.24992223    8.01498780
    1.16803000   -6.56570762    9.04977762
    1.16803000   -5.93452815    7.01064939
    1.16912000   -6.40287135   14.52363123
    1.16912000   -6.71972504   15.68926839
    1.16912000   -6.08649251   13.39754310
    1.16990000   -6.51676841   19.72910364
    1.16990000   -6.83471608   21.02682612
    1.16990000   -6.19939382   18.48191186
    1.15290000   -4.26574396  -19.67894814
    1.15290000   -4.57928918  -18.97460093
    1.15290000   -3.95243215  -20.36899703
    1.15390000   -4.39019035  -15.70612549
    1.15390000   -4.70390960  -14.96833999
    1.15390000   -4.07671656  -16.42837233
    1.15490000   -4.51608792  -11.53578413
    1.15490000   -4.83003572  -10.75916074
    1.15490000   -4.20240053  -12.29532562
    1.15580000   -4.63086941   -7.58600217
    1.15580000   -4.94508081   -6.76846803
    1.15580000   -4.31693524   -8.38470531
    1.15676000   -4.75515010   -3.13072144
    1.15676000   -5.06971996   -2.26132070
    1.15676000   -4.44088039   -3.97888410
    1.15785000   -4.89910471    2.29579707
    1.15785000   -5.21421159    3.23839153
    1.15785000   -4.58433341    1.37821672
    1.15893000   -5.04555862    8.16168529
    1.15893000   -5.36139515    9.19924838
    1.15893000   -4.73010914    7.15474032
    1.16000000   -5.19570534   14.61602476
    1.16000000   -5.51257389   15.78390020
    1.16000000   -4.87930511   13.48785778
    1.16075000   -5.30505709   19.66261445
    1.16075000   -5.62295448   20.95856167
    1.16075000   -4.98772063   18.41702350
    1.14400000   -3.08606002  -19.53617513
    1.14400000   -3.39973217  -18.83048147
    1.14400000   -2.77261943  -20.22752726
    1.14490000   -3.19831362  -15.93357136
    1.14490000   -3.51213434  -15.19759354
    1.14490000   -2.88473515  -16.65408503
    1.14590000   -3.32438599  -11.74072783
    1.14590000   -3.63842311  -10.96592125
    1.14590000   -3.01060571  -12.49853289
    1.14680000   -3.43928507   -7.76913283
    1.14680000   -3.75357386   -6.95340806
    1.14680000   -3.12526953   -8.56611273
    1.14779000   -3.56756473   -3.14395473
    1.14779000   -3.88221010   -2.27453815
    1.14779000   -3.25321578   -3.99213901
    1.14886000   -3.70895768    2.22223934
    1.14886000   -4.02411476    3.16392784
    1.14886000   -3.39413115    1.30550800
    1.14992000   -3.85263489    8.01522141
    1.14992000   -4.16848599    9.05033177
    1.14992000   -3.53716360    7.01056521
    1.15099000   -4.00255845   14.50600221
    1.15099000   -4.31940955   15.67151018
    1.15099000   -3.68616608   13.38001115
    1.15175000   -4.11314130   19.65433191
    1.15175000   -4.43100679   20.95015204
    1.15175000   -3.79582596   18.40884240
    1.13520000   -1.91972598  -19.53916101
    1.13520000   -2.23352318  -18.83329159
    1.13520000   -1.60615807  -20.23068778
    1.13610000   -2.03225176  -15.90722272
    1.13610000   -2.34618999  -15.17081760
    1.13610000   -1.71855339  -16.62815277
    1.13710000   -2.15860021  -11.67857780
    1.13710000   -2.47274629  -10.90297242
    1.13710000   -1.84470842  -12.43715453
    1.13800000   -2.27372358   -7.67114936
    1.13800000   -2.58811348   -6.85417176
    1.13800000   -1.95960423   -8.46933271
    1.13896000   -2.39829673   -3.14746802
    1.13896000   -2.71302243   -2.27791430
    1.13896000   -2.08386378   -3.99578936
    1.14003000   -2.53980816    2.26287889
    1.14003000   -2.85503174    3.20533430
    1.14003000   -2.22491096    1.34541515
    1.14109000   -2.68354698    8.10809239
    1.14109000   -2.99944927    9.14501586
    1.14109000   -2.36801969    7.10172892
    1.14216000   -2.83347137   14.66499058
    1.14216000   -3.15035647   15.83425529
    1.14216000   -2.51703943   13.53551797
    1.14290000   -2.94105428   19.72919701
    1.14290000   -3.25891020   21.02724082
    1.14290000   -2.62373952   18.48167013
    1.12650000   -0.76667363  -19.67889449
    1.12650000   -1.08059523  -18.97394706
    1.12650000   -0.45297869  -20.36953762
    1.12750000   -0.89203014  -15.60755492
    1.12750000   -1.20610076  -14.86831128
    1.12750000   -0.57819783  -16.33122022
    1.12840000   -1.00601374  -11.76662215
    1.12840000   -1.32026435  -10.99168513
    1.12840000   -0.69201434  -12.52456367
    1.12935000   -1.12775652   -7.50077718
    1.12935000   -1.44225543   -6.68175189
    1.12935000   -0.81352576   -8.30092344
    1.13027000   -1.24733373   -3.12553998
    1.13027000   -1.56214560   -2.25553297
    1.13027000   -0.93281107   -3.97429919
    1.13133000   -1.38764079    2.27802354
    1.13133000   -1.70293194    3.22087350
    1.13133000   -1.07267165    1.36017938
    1.13239000   -1.53142086    8.17305895
    1.13239000   -1.84737404    9.21130218
    1.13239000   -1.21583758    7.16545051
    1.13344000   -1.67845748   14.66145706
    1.13344000   -1.99535209   15.83077798
    1.13344000   -1.36200808   13.53192124
    1.13418000   -1.78587042   19.76699878
    1.13418000   -2.10371238   21.06622132
    1.13418000   -1.46855985   18.51838535
    1.11800000    0.36065107  -19.54517297
    1.11800000    0.04659282  -18.83895058
    1.11800000    0.67448457  -20.23705041
    1.11890000    0.24756969  -15.85449078
    1.11890000   -0.06661415  -15.11722871
    1.11890000    0.56151846  -16.57625586
    1.11990000    0.12066038  -11.55406586
    1.11990000   -0.19371377  -10.77685644
    1.11990000    0.43478534  -12.31419204
    1.12080000    0.00508459   -7.47468250
    1.12080000   -0.30951717   -6.65518392
    1.12080000    0.31942123   -8.27528712
    1.12171000   -0.11335490   -3.11183513
    1.12171000   -0.42825590   -2.24147616
    1.12171000    0.20126046   -3.96093581
    1.12276000   -0.25245128    2.28344887
    1.12276000   -0.56781274    3.22655167
    1.12276000    0.06259260    1.36535826
    1.12380000   -0.39351301    8.10973069
    1.12380000   -0.70950474    9.14700371
    1.12380000   -0.07788487    7.10302212
    1.12485000   -0.54040343   14.64390711
    1.12485000   -0.85730937   15.81296515
    1.12485000   -0.22393459   13.51460280
    1.12558000   -0.64615766   19.71602303
    1.12558000   -0.96397153   21.01391050
    1.12558000   -0.32886366   18.46860969
    1.10960000    1.47475057  -19.52385598
    1.10960000    1.16055586  -18.81726067
    1.10960000    1.78872272  -20.21609814    
    1.11060000    1.34872134  -15.37903516
    1.11060000    1.03439308  -14.63737005
    1.11060000    1.66281559  -16.10503966
    1.11150000    1.23417692  -11.46490460
    1.11150000    0.91968262  -10.68662657
    1.11150000    1.54842452  -12.22606105
    1.11240000    1.11836392   -7.34793462
    1.11240000    0.80364997   -6.52685743
    1.11240000    1.43281539   -8.15005367
    1.11327000    1.00496363   -3.14155849
    1.11327000    0.68997314   -2.27138564
    1.11327000    1.31967227   -3.99048867
    1.11432000    0.86576305    2.29496067
    1.11432000    0.55032709    3.23840607
    1.11432000    1.18088581    1.37653873
    1.11535000    0.72604050    8.11055749
    1.11535000    0.40999837    9.14800638
    1.11535000    1.04172474    7.10367535
    1.11641000    0.57781864   14.76525753
    1.11641000    0.26087578   15.93722843
    1.11641000    0.89433064   13.63325183
    1.11713000    0.47362140   19.81773440
    1.11713000    0.15580136   21.11861357
    1.11713000    0.79093010   18.56758539
    1.10130000    2.57567852  -19.60598900
    1.10130000    2.26134667  -18.89985193
    1.10130000    2.88979030  -20.29779463
    1.10230000    2.44935484  -15.43222662
    1.10230000    2.13489931  -14.69083696
    1.10230000    2.76357905  -16.15797175
    1.10320000    2.33457788  -11.48959080
    1.10320000    2.01996559  -10.71136221
    1.10320000    2.64894636  -12.25070558
    1.10410000    2.21856536   -7.34119194
    1.10410000    1.90374322   -6.51985218
    1.10410000    2.53312815   -8.14356797
    1.10497000    2.10500615   -3.10089090
    1.10497000    1.78991761   -2.23003064
    1.10497000    2.41981628   -3.95048175
    1.10600000    1.96834396    2.27403291
    1.10600000    1.65283288    3.21734624
    1.10600000    2.28354640    1.35572833
    1.10703000    1.82860744    8.13455854
    1.10703000    1.51250864    9.17259718
    1.10703000    2.14435382    7.12711512
    1.10806000    1.68473255   14.64489490
    1.10806000    1.36778642   15.81425277
    1.10806000    2.00125724   13.51529097
    1.10879000    1.57932469   19.79950063
    1.10879000    1.26151834   21.09997143
    1.10879000    1.89663052   18.54970853
    1.09320000    3.65087142  -19.37147210
    1.09320000    3.33639164  -18.66324456
    1.09320000    3.96513281  -20.06529805
    1.09410000    3.53688418  -15.58427996
    1.09410000    3.22230097  -14.84404059
    1.09410000    3.85123902  -16.30892451
    1.09500000    3.42189852  -11.61806333
    1.09500000    3.10716915  -10.84090124
    1.09500000    3.73638730  -12.37816131
    1.09585000    3.31220704   -7.68191269
    1.09585000    2.99729187   -6.86411071
    1.09585000    3.62686738   -8.48091426
    1.09678000    3.19072146   -3.12576371
    1.09678000    2.87553608   -2.25502849
    1.09678000    3.50563220   -3.97524221
    1.09780000    3.05529320    2.23526786
    1.09780000    2.73970491    3.17818901
    1.09780000    3.37057753    1.31732653
    1.09881000    2.91830159    8.01872787
    1.09881000    2.60215798    9.05486655
    1.09881000    3.23409943    7.01305538
    1.09983000    2.77603251   14.49979264
    1.09983000    2.45908155   15.66599133
    1.09983000    3.09257163   13.37309594
    1.10055000    2.67236477   19.60492649
    1.10055000    2.35459959   20.90001189
    1.10055000    2.98964327   18.36001976
    1.08510000    4.72556479  -19.63036861
    1.08510000    4.41094499  -18.92402198
    1.08510000    5.03996912  -20.32238671
    1.08610000    4.59859850  -15.39175220
    1.08610000    4.28387346  -14.64960652
    1.08610000    4.91309715  -16.11823515
    1.08700000    4.48330441  -11.38476213
    1.08700000    4.16843977  -10.60511445
    1.08700000    4.79793051  -12.14724888
    1.08780000    4.37984233   -7.64534879
    1.08780000    4.06480999   -6.82695885
    1.08780000    4.69462284   -8.44491836
    1.08872000    4.25948753   -3.10193704
    1.08872000    3.94419878   -2.23072235
    1.08872000    4.57450516   -3.95187834
    1.08972000    4.12661136    2.19327007
    1.08972000    3.81094249    3.13575314
    1.08972000    4.44198095    1.27573540
    1.09072000    3.99099058    7.95817793
    1.09072000    3.67479193    8.99340513
    1.09072000    4.30684958    6.95335055
    1.09172000    3.85169536   14.34807942
    1.09172000    3.53473519   15.51099090
    1.09172000    4.16825322   13.22440943
    1.09248000    3.74246136   19.77862697
    1.09248000    3.42466764   21.07872650
    1.09248000    4.05977574   18.52914355
    1.07720000    5.77453838  -19.54821930
    1.07720000    5.45976820  -18.84100986
    1.07720000    6.08909517  -20.24107436
    1.07810000    5.66000143  -15.70969188
    1.07810000    5.34514623  -14.97016303
    1.07810000    5.97463362  -16.43366411
    1.07900000    5.54453348  -11.68753510
    1.07900000    5.22955145  -10.91066367
    1.07900000    5.85928074  -12.44736585
    1.07980000    5.44095982   -7.93406420
    1.07980000    5.12582256   -7.11861716
    1.07980000    5.75584946   -8.73082707
    1.08077000    5.31394307   -3.11745559
    1.08077000    4.99855026   -2.24624903
    1.08077000    5.62906847   -3.96739578
    1.08176000    5.18229806    2.16262291
    1.08176000    4.86654417    3.10483483
    1.08176000    5.49775727    1.24533709
    1.08274000    5.04941206    7.84839598
    1.08274000    4.73315938    8.88184484
    1.08274000    5.36533155    6.84522615
    1.08373000    4.91170134   14.20769873
    1.08373000    4.59472525   15.36759925
    1.08373000    5.22828434   13.08680125
    1.08450000    4.80129151   19.74098737
    1.08450000    4.48350296   21.04013280
    1.08450000    5.11861168   18.49235735
    1.06940000    6.81043879  -19.52691770
    1.06940000    6.49551656  -18.81933363
    1.06940000    7.12514988  -20.22013914
    1.07030000    6.69559549  -15.65773629
    1.07030000    6.38059649  -14.91754957
    1.07030000    7.01037386  -16.38234659
    1.07120000    6.57985153  -11.60182410
    1.07120000    6.26473420  -10.82391917
    1.07120000    6.89473662  -12.36265154
    1.07200000    6.47605949   -7.81509713
    1.07200000    6.16079476   -6.99817147
    1.07200000    6.79107929   -8.61327942
    1.07294000    6.35277587   -3.10824059
    1.07294000    6.03727440   -2.23673505
    1.07294000    6.66801353   -3.95847189
    1.07391000    6.22369417    2.10202125
    1.07391000    5.90785407    3.04352677
    1.07391000    6.53924433    1.18539582
    1.07488000    6.09218477    7.76536686
    1.07488000    5.77587132    8.79751653
    1.07488000    6.40817123    6.76340583
    1.07585000    5.95744363   14.02800508
    1.07585000    5.64045151   15.18403911
    1.07585000    6.27405216   12.91067257
    1.07665000    5.84298100   19.81336926
    1.07665000    5.52517615   21.11467617
    1.07665000    6.16032662   18.56275854
    1.06170000    7.83329688  -19.55741543
    1.06170000    7.51822046  -18.84987277
    1.06170000    8.14816452  -20.25060218
    1.06260000    7.71815495  -15.65993352
    1.06260000    7.40301065  -14.91956661
    1.06260000    8.03308113  -16.38472256
    1.06350000    7.60214622  -11.57296380
    1.06350000    7.28689286  -10.79458091
    1.06350000    7.91717004  -12.33425527
    1.06426000    7.50337138   -7.95115679
    1.06426000    7.18798729   -7.13551248
    1.06426000    7.81851414   -8.74812038
    1.06522000    7.37730910   -3.11289696
    1.06522000    7.06169674   -2.24126410
    1.06522000    7.69266130   -3.96325602
    1.06618000    7.24945621    2.08109823
    1.06618000    6.93352362    3.02247633
    1.06618000    7.56510336    1.16458579
    1.06713000    7.12067151    7.66339523
    1.06713000    6.80429513    8.69391851
    1.06713000    7.43672720    6.66294991
    1.06809000    6.98749315   13.89432360
    1.06809000    6.67047427   15.04753800
    1.06809000    7.30413730   12.77958890
    1.06890000    6.87186876   19.78571563
    1.06890000    6.55406044   21.08635077
    1.06890000    7.18922857   18.53570137
    1.05410000    8.84313910  -19.63056460
    1.05410000    8.52790598  -18.92340504
    1.05410000    9.15816588  -20.32338731
    1.05500000    8.72770290  -15.70676054
    1.05500000    8.41241133  -14.96660692
    1.05500000    9.04277900  -16.43134992
    1.05590000    8.61143678  -11.59100528
    1.05590000    8.29604604  -10.81260363
    1.05590000    8.92660085  -12.35232049
    1.05667000    8.51116824   -7.89333416
    1.05667000    8.19565375   -7.07687344
    1.05667000    8.82644431   -8.69108422
    1.05761000    8.38754669   -3.11905701
    1.05761000    8.07182057   -2.24731515
    1.05761000    8.70301632   -3.96952643
    1.05855000    8.26226742    2.00112415
    1.05855000    7.94624311    2.94151812
    1.05855000    8.57801109    1.08553479
    1.05950000    8.13349427    7.61902995
    1.05950000    7.81704608    8.64894153
    1.05950000    8.44962759    6.61914931
    1.06044000    8.00324320   13.75502507
    1.06044000    7.68619352   14.90531346
    1.06044000    8.31992692   12.64298762
    1.06125000    7.88791268   19.67480522
    1.06125000    7.57010930   20.97242046
    1.06125000    8.20527943   18.42752395
    1.04660000    9.83998782  -19.73716681
    1.04660000    9.52459518  -19.03065659
    1.04660000   10.15517665  -20.42936879
    1.04750000    9.72425870  -15.78862394
    1.04750000    9.40881743  -15.04899124
    1.04750000   10.03948721  -16.51271787
    1.04840000    9.60773900  -11.64590352
    1.04840000    9.29220896  -10.86784332
    1.04840000    9.92304533  -12.40689710
    1.04918000    9.50597787   -7.87341912
    1.04918000    9.19033183   -7.05655132
    1.04918000    9.82138856   -8.67156437
    1.05011000    9.38349067   -3.11434408
    1.05011000    9.06764736   -2.24235815
    1.05011000    9.69908108   -3.96505235
    1.05104000    9.25943952    1.98828879
    1.05104000    8.94331583    2.92867443
    1.05104000    9.57528701    1.07269985
    1.05197000    9.13338359    7.52343163
    1.05197000    8.81686440    8.55183874
    1.05197000    9.44959404    6.52495280
    1.05290000    9.00467727   13.62638096
    1.05290000    8.68759107   14.77399460
    1.05290000    9.32140607   12.51680904
    1.05373000    8.88674721   19.73211939
    1.05373000    8.56892082   21.03146463
    1.05373000    9.20414633   18.48324945
    1.03920000   10.82386163  -19.86801270
    1.03920000   10.50830643  -19.16234258
    1.03920000   11.13921560  -20.55941002
    1.04015000   10.70137196  -15.66974890
    1.04015000   10.38577503  -14.92886834
    1.04015000   11.01675837  -16.39504824
    1.04100000   10.59106558  -11.72757010
    1.04100000   10.27539388  -10.95011152
    1.04100000   10.90651661  -12.48799258
    1.04180000   10.48649780   -7.83098008
    1.04180000   10.17071685   -7.01346096
    1.04180000   10.80204638   -8.62975396
    1.04271000   10.36646750   -3.13964099
    1.04271000   10.05050561   -2.26778258
    1.04271000   10.68218022   -3.99023458
    1.04363000   10.24365611    1.94230875
    1.04363000    9.92743207    2.88220645
    1.04363000   10.55960852    1.02717375
    1.04455000   10.11896179    7.45265422
    1.04455000    9.80236598    8.47999489
    1.04455000   10.43525476    6.45516669
    1.04547000    9.99178138   13.52452078
    1.04547000    9.67465159   14.67005833
    1.04547000   10.30856197   12.41686070
    1.04630000    9.87412747   19.66400094
    1.04630000    9.55629222   20.96153973
    1.04630000   10.19154651   18.41676024
    1.03200000   11.78188122  -19.57894765
    1.03200000   11.46615885  -18.87076073
    1.03200000   12.09740406  -20.27277641
    1.03290000   11.66548870  -15.56342806
    1.03290000   11.34973421  -14.82140769
    1.03290000   11.98103496  -16.28982883
    1.03370000   11.56142640  -11.82591341
    1.03370000   11.24561030  -11.04921669
    1.03370000   11.87702488  -12.58561110
    1.03452000   11.45404274   -7.80469489
    1.03452000   11.13812493   -6.98669896
    1.03452000   11.76973122   -8.60393060
    1.03542000   11.33515231   -3.13005875
    1.03542000   11.01906755   -2.25789553
    1.03542000   11.65099150   -3.98094900
    1.03633000   11.21356993    1.93310267
    1.03633000   10.89724045    2.87304555
    1.03633000   11.52963217    1.01791749
    1.03723000   11.09158838    7.35814015
    1.03723000   10.77491428    8.38400630
    1.03723000   11.40796567    6.36202679
    1.03814000   10.96594020   13.39538040
    1.03814000   10.64876541   14.53826044
    1.03814000   11.28277411   12.29017139
    1.03899000   10.84570726   19.72354097
    1.03899000   10.52784332   21.02287175
    1.03899000   11.16316434   18.47465508
    1.02480000   12.73981070  -19.72833326
    1.02480000   12.42392049  -19.02113820
    1.02480000   13.05550400  -20.42121116
    1.02570000   12.62311932  -15.69014539
    1.02570000   12.30720753  -14.94904358
    1.02570000   12.93882571  -16.41566842
    1.02650000   12.51882861  -11.93086592
    1.02650000   12.20286516  -11.15499235
    1.02650000   12.83457752  -12.68977996
    1.02734000   12.40861738   -7.78402636
    1.02734000   12.09256043   -6.96561422
    1.02734000   12.72444807   -8.58366597
    1.02823000   12.29087115   -3.12722842
    1.02823000   11.97466121   -2.25484383
    1.02823000   12.60683913   -3.97833594
    1.02912000   12.17186706    1.85765343
    1.02912000   11.85543284    2.79668476
    1.02912000   12.48803872    0.94332286
    1.03002000   12.04988833    7.31655863
    1.03002000   11.73312881    8.34187185
    1.03002000   12.36635668    6.32095521
    1.03091000   11.92713671   13.25380324
    1.03091000   11.60991383   14.39377319
    1.03091000   12.24402702   12.15128021
    1.03177500   11.80506054   19.73091938
    1.03177500   11.48717192   21.03057265
    1.03177500   12.12255231   18.48172549
    1.01770000   13.68479864  -19.87450902
    1.01770000   13.36873741  -19.16827561
    1.01770000   14.00066553  -20.56646511
    1.01860000   13.56780140  -15.81355284
    1.01860000   13.25172917  -15.07333659
    1.01860000   13.88367103  -16.53822979
    1.01938000   13.46589683  -12.12908988
    1.01938000   13.14978438  -11.35493767
    1.01938000   13.78179804  -12.88635875
    1.02026000   13.35022400   -7.75841189
    1.02026000   13.03402539   -6.93952964
    1.02026000   13.66619941   -8.55850690
    1.02114000   13.23362365   -3.11989427
    1.02114000   12.91728585   -2.24723237
    1.02114000   13.54972310   -3.97127229
    1.02202000   13.11585331    1.84399523
    1.02202000   12.79930825    2.78300845
    1.02202000   13.43214020    0.92967435
    1.02290000   12.99658612    7.21472529
    1.02290000   12.67974202    8.23844677
    1.02290000   13.31314501    6.22060639
    1.02378000   12.87535620   13.11450516
    1.02378000   12.55808080   14.25163202
    1.02378000   13.19230720   12.01460698
    1.02466000   12.75144504   19.74219178
    1.02466000   12.43352856   21.04227768
    1.02466000   13.06897464   18.49258968
    1.01075000   14.61034503  -19.78640924
    1.01075000   14.29411061  -19.07926802
    1.01075000   14.92638726  -20.47924572
    1.01160000   14.49953805  -15.92411330
    1.01160000   14.18330231  -15.18466635
    1.01160000   14.81557395  -16.64805589
    1.01241000   14.39345976  -12.07184074
    1.01241000   14.07719169  -11.29693845
    1.01241000   14.70951923  -12.82983474
    1.01328000   14.27886256   -7.71726386
    1.01328000   13.96251965   -6.89774254
    1.01328000   14.59498529   -8.51797573
    1.01415000   14.16340780   -3.09678507
    1.01415000   13.84693919   -2.22365023
    1.01415000   14.47964160   -3.94861970
    1.01501000   14.04821565    1.78755592
    1.01501000   13.73155905    2.72593502
    1.01501000   14.36461864    0.87382736
    1.01588000   13.93030697    7.12883335
    1.01588000   13.61337392    8.15124399
    1.01588000   14.24696063    6.13593565
    1.01675000   13.81058615   12.99206247
    1.01675000   13.49325280   14.12672288
    1.01675000   14.12760303   11.89444075
    1.01762000   13.68839837   19.57146848
    1.01762000   13.37047041   20.86687057
    1.01762000   14.00595137   18.32611473
    1.00390000   15.52291528  -19.67378762
    1.00390000   15.20650590  -18.96554106
    1.00390000   15.83913460  -20.36769487
    1.00470000   15.41832927  -16.01232572
    1.00470000   15.10192710  -15.27344974
    1.00470000   15.73453431  -16.73572464
    1.00553000   15.30936803  -12.03822549
    1.00553000   14.99294251  -11.26280101
    1.00553000   15.62558765  -12.79672605
    1.00639000   15.19585491   -7.70183656
    1.00639000   14.87936604   -6.88195524
    1.00639000   15.51212670   -8.50289859
    1.00725000   15.08155444   -3.10183976
    1.00725000   14.76495359   -2.22858087
    1.00725000   15.39792413   -3.95379906
    1.00810000   14.96760344    1.75856130
    1.00810000   14.65083133    2.69670258
    1.00810000   15.28412635    0.84505026
    1.00896000   14.85104341    7.07198470
    1.00896000   14.53401660    8.09358755
    1.00896000   15.16779645    6.07983637
    1.00982000   14.73281598   12.90093942
    1.00982000   14.41541856   14.03381169
    1.00982000   15.04990454   11.80496563
    1.01067000   14.61374344   19.35442936
    1.01067000   14.29580339   20.64390110
    1.01067000   14.93132066   18.11446229
    0.99715000   16.42250534  -19.52736630
    0.99715000   16.10591949  -18.81774090
    0.99715000   16.73890318  -20.22260787
    0.99791000   16.32285862  -16.02163713
    0.99791000   16.00628740  -15.28264118
    0.99791000   16.63923528  -16.74515688
    0.99875000   16.21230759  -11.96984081
    0.99875000   15.89572225  -11.19355712
    0.99875000   16.52868967  -12.72917109
    0.99960000   16.09987723   -7.65039006
    0.99960000   15.78323958   -6.82975692
    0.99960000   16.41630080   -8.45217666
    1.00044000   15.98806337   -3.12492975
    1.00044000   15.67132838   -2.25177007
    1.00044000   16.30457089   -3.97680132
    1.00129000   15.87401071    1.76909417
    1.00129000   15.55711903    2.70756642
    1.00129000   16.19065745    0.85526263
    1.00213000   15.76015182    6.99237257
    1.00213000   15.44302952    8.01278038
    1.00213000   16.07700607    6.00133712
    1.00298000   15.64342102   12.78375392
    1.00298000   15.32595784   13.91429450
    1.00298000   15.96058303   11.68993279
    1.00382000   15.52604254   19.18775284
    1.00382000   15.20808026   20.47273940
    1.00382000   15.84365335   17.95185910
    0.99039000   17.32355135  -19.83826647
    0.99039000   17.00678286  -19.13092303
    0.99039000   17.64013470  -20.53131361
    0.99123000   17.21310898  -15.94150339
    0.99123000   16.89636671  -15.20160496
    0.99123000   17.52965905  -16.66589652
    0.99206000   17.10359384  -11.90638370
    0.99206000   16.78684682  -11.12928754
    0.99206000   17.42014025  -12.66649884
    0.99289000   16.99358092   -7.65753776
    0.99289000   16.67679335   -6.83678992
    0.99289000   17.31015759   -8.45944009
    0.99373000   16.88159530   -3.09993562
    0.99373000   16.56472265   -2.22627950
    0.99373000   17.19824405   -3.95228614
    0.99456000   16.77012827    1.71105205
    0.99456000   16.45311712    2.64886986
    0.99456000   17.08689900    0.79783213
    0.99539000   16.65762366    6.90189125
    0.99539000   16.34040334    7.92092291
    0.99539000   16.97458163    5.91213886
    0.99623000   16.54238736   12.65372049
    0.99623000   16.22485560   13.78167135
    0.99623000   16.85962564   11.56229217
    0.99706000   16.42669626   19.00573451
    0.99706000   16.10870822   20.28585318
    0.99706000   16.74434411   17.77426567
    0.98381000   18.20115214  -19.73814210
    0.98381000   17.88420266  -19.02979448
    0.98381000   18.51791864  -20.43216249
    0.98463000   18.09302116  -15.90461085
    0.98463000   17.77610587  -15.16418789
    0.98463000   18.40974673  -16.62951387
    0.98546000   17.98322666  -11.83882943
    0.98546000   17.66631612  -11.06088008
    0.98546000   18.29993926  -12.59976845
    0.98628000   17.87430907   -7.60885924
    0.98628000   17.55736872   -6.78738911
    0.98628000   18.19104154   -8.41145789
    0.98710000   17.76482094   -3.12830059
    0.98710000   17.44780965   -2.25480881
    0.98710000   18.08161204   -3.98050141
    0.98793000   17.65325412    1.71511456
    0.98793000   17.33611894    2.65317042
    0.98793000   17.97015315    0.80166205
    0.98875000   17.54208844    6.87799104
    0.98875000   17.22476424    7.89678478
    0.98875000   17.85915565    5.88845339
    0.98957000   17.42970290   12.52395427
    0.98957000   17.11209885   13.64933575
    0.98957000   17.74702105   11.43490065
    0.99039000   17.31568703   18.82326692
    0.99039000   16.99766835   20.09854777
    0.99039000   17.63337655   17.59619841
    0.97732000   19.06708636  -19.62472069
    0.97732000   18.74995447  -18.91526076
    0.97732000   19.38403743  -20.31981850
    0.97813000   18.95995567  -15.80706482
    0.97813000   18.64286590  -15.06558469
    0.97813000   19.27685808  -16.53298989
    0.97894000   18.85253194  -11.80871964
    0.97894000   18.53545612  -11.03028047
    0.97894000   19.16941257  -12.57013408
    0.97975000   18.74471883   -7.60045105
    0.97975000   18.42762420   -6.77869689
    0.97975000   19.06160872   -8.40332721
    0.98057000   18.63505891   -3.08750968
    0.98057000   18.31790544   -2.21332577
    0.98057000   18.95199569   -3.94037561
    0.98138000   18.52608062    1.67159213
    0.98138000   18.20882056    2.60920346
    0.98138000   18.84310897    0.75855271
    0.98219000   18.41626371    6.80160982
    0.98219000   18.09883523    7.81927384
    0.98219000   18.73344078    5.81312416
    0.98300000   18.30535727   12.40745724
    0.98300000   17.98767665   13.53056018
    0.98300000   18.62275941   11.32050900
    0.98381000   18.19300087   18.65503009
    0.98381000   17.87494576   19.92589713
    0.98381000   18.51073751   17.43197750
    0.97091000   19.92267440  -19.53617266
    0.97091000   19.60535818  -18.82579790
    0.97091000   20.23981200  -20.23215749
    0.97171000   19.81655245  -15.73620075
    0.97171000   19.49928639  -14.99389647
    0.97171000   20.13363358  -16.46292376
    0.97251000   19.71018256  -11.75712687
    0.97251000   19.39293962  -10.97798857
    0.97251000   20.02723301  -12.51921741
    0.97331000   19.60347603   -7.57010537
    0.97331000   19.28622498   -6.74782814
    0.97331000   19.92052544   -8.37348746
    0.97411000   19.49632658   -3.13769660
    0.97411000   19.17903042   -2.26394713
    0.97411000   19.81340982   -3.99015586
    0.97492000   19.38725262    1.65145254
    0.97492000   19.06986470    2.58895518
    0.97492000   19.70441318    0.73850855
    0.97572000   19.27877910    6.74975293
    0.97572000   18.96124270    7.76670668
    0.97572000   19.59606952    5.76192558
    0.97652000   19.16934167   12.31713563
    0.97652000   18.85157985   13.43851461
    0.97652000   19.48683219   11.23177819
    0.97732000   19.05862716   18.51551632
    0.97732000   18.74052933   19.78277114
    0.97732000   19.37641681   17.29574959