    1.26130000  -18.86890550  -19.62007634
    1.26130000  -18.46756447  -20.29123125
    1.26130000  -18.24512951  -19.43067112
    1.26230000  -18.99037200  -16.00337805
    1.26230000  -18.58879864  -16.70300734
    1.26230000  -18.36670618  -15.80532881
    1.26340000  -19.12591759  -11.83615577
    1.26340000  -18.72403080  -12.57183234
    1.26340000  -18.50239650  -11.62722525
    1.26450000  -19.26384758   -7.43849825
    1.26450000  -18.86157116   -8.21659575
    1.26450000  -18.64050200   -7.21682750
    1.26552000  -19.39429653   -3.11660785
    1.26552000  -18.99157049   -3.94158496
    1.26552000  -18.77114889   -2.88091383
    1.26680000  -19.56229516    2.71463876
    1.26680000  -19.15883915    1.81641917
    1.26680000  -18.93946043    2.97217463
    1.26800000  -19.72538469    8.70781302
    1.26800000  -19.32099694    7.71908262
    1.26800000  -19.10293679    8.99230277
    1.26900000  -19.86682671   14.22020252
    1.26900000  -19.46137334   13.13019297
    1.26900000  -19.24480700   14.53488926
    1.26990000  -20.00001117   19.73045041
    1.26990000  -19.59322871   18.51589301
    1.26990000  -19.37850855   20.08242619
    1.25060000  -17.45274501  -19.66219555
    1.25060000  -17.05133304  -20.33322004
    1.25060000  -16.82897561  -19.47287178
    1.25160000  -17.57444392  -16.01486052
    1.25160000  -17.17280713  -16.71457731
    1.25160000  -16.95078554  -15.81681617
    1.25270000  -17.71022622  -11.81071550
    1.25270000  -17.30828428  -12.54679939
    1.25270000  -17.08671330  -11.60168197
    1.25380000  -17.84837459   -7.37188350
    1.25380000  -17.44605130   -8.15083085
    1.25380000  -17.22503770   -7.14996548
    1.25479000  -17.97513045   -3.13912610
    1.25479000  -17.57237948   -3.96400552
    1.25479000  -17.35198541   -2.90345713
    1.25605000  -18.14056035    2.64727748
    1.25605000  -17.73710616    1.74982941
    1.25605000  -17.51772101    2.90460331
    1.25720000  -18.29668220    8.42423298
    1.25720000  -17.89235917    7.44006508
    1.25720000  -17.67420736    8.70739930
    1.25825000  -18.44496061   14.24914309
    1.25825000  -18.03954517   13.15843091
    1.25825000  -17.82292774   14.56409092
    1.25910000  -18.57045685   19.48703492
    1.25910000  -18.16381544   18.27849052
    1.25910000  -17.94890309   19.83727077
    1.24005000  -16.05673953  -19.81170505
    1.24005000  -15.65525512  -20.48179348
    1.24005000  -15.43296146  -19.62270879
    1.24110000  -16.18476627  -15.95053700
    1.24110000  -15.78305400  -16.65096543
    1.24110000  -15.56110563  -15.75230812
    1.24220000  -16.32082931  -11.70540339
    1.24220000  -15.91881908  -12.44262488
    1.24220000  -15.69731535  -11.49604640
    1.24325000  -16.45289731   -7.43021482
    1.24325000  -16.05053153   -8.20873581
    1.24325000  -15.82955166   -7.20843230
    1.24425000  -16.58105711   -3.11872169
    1.24425000  -16.17826916   -3.94399885
    1.24425000  -15.95790460   -2.88292974
    1.24545000  -16.73862334    2.43185117
    1.24545000  -16.33518228    1.53718553
    1.24545000  -16.11575904    2.68836663
    1.24665000  -16.90147010    8.50545100
    1.24665000  -16.49714192    7.51980528
    1.24665000  -16.27898172    8.78909313
    1.24770000  -17.04977546   14.39245596
    1.24770000  -16.64436688   13.29871143
    1.24770000  -16.42772657   14.70836107
    1.24855000  -17.17529101   19.69395176
    1.24855000  -16.76866422   18.48013654
    1.24855000  -16.55371943   20.04583673
    1.22970000  -14.68686406  -19.87349201
    1.22970000  -14.28529507  -20.54330680
    1.22970000  -14.06306804  -19.68462150
    1.23075000  -14.81513790  -15.98102739
    1.23075000  -14.41334942  -16.68138942
    1.23075000  -14.19146017  -15.78284984
    1.23180000  -14.94519375  -11.89947161
    1.23180000  -14.54313085  -12.63510287
    1.23180000  -14.32165602  -11.69061416
    1.23290000  -15.08370775   -7.38647316
    1.23290000  -14.68128320   -8.16561255
    1.23290000  -14.46034591   -7.16451252
    1.23388000  -15.20945053   -3.12370203
    1.23388000  -14.80662123   -3.94908605
    1.23388000  -14.58627762   -2.88787411
    1.23503000  -15.36046697    2.23323567
    1.23503000  -14.95702788    1.34110399
    1.23503000  -14.73756737    2.48901358
    1.23625000  -15.52590676    8.44808064
    1.23625000  -15.12158873    7.46324356
    1.23625000  -14.90338369    8.73151672
    1.23730000  -15.67407917   14.38175630
    1.23730000  -15.26870210   13.28811200
    1.23730000  -15.05198968   14.69768249
    1.23815000  -15.79943231   19.72976038
    1.23815000  -15.39285748   18.51495385
    1.23815000  -15.17781377   20.08200887
    1.21960000  -13.34915390  -19.64643484
    1.21960000  -12.94747921  -20.31814691
    1.21960000  -12.72533684  -19.45702592
    1.22060000  -13.47163907  -15.90085834
    1.22060000  -13.06976102  -16.60206492
    1.22060000  -12.84793645  -15.70245524
    1.22160000  -13.59572652  -11.98038553
    1.22160000  -13.19359514  -12.71546165
    1.22160000  -12.97215787  -11.77171583
    1.22270000  -13.73440952   -7.43251549
    1.22270000  -13.33192726   -8.21135687
    1.22270000  -13.11101642   -7.21065209
    1.22368000  -13.86027416   -3.13503401
    1.22368000  -13.45739724   -3.96045308
    1.22368000  -13.23706922   -2.89919172
    1.22482000  -14.01006551    2.21960219
    1.22482000  -13.60659734    1.32749916
    1.22482000  -13.38712972    2.47538975
    1.22600000  -14.17000105    8.27251822
    1.22600000  -13.76570366    7.29042759
    1.22600000  -13.54742442    8.55516936
    1.22705000  -14.31791151   14.23940450
    1.22705000  -13.91258405   13.14853432
    1.22705000  -13.69575980   14.55455160
    1.22790000  -14.44295400   19.61889138
    1.22790000  -14.03645964   18.40677723
    1.22790000  -13.82126320   19.97039538
    1.20960000  -12.02531127  -19.66142395
    1.20960000  -11.62353689  -20.33321488
    1.20960000  -11.40145522  -19.47203237
    1.21060000  -12.14805936  -15.88393244
    1.21060000  -11.74608926  -16.58546464
    1.21060000  -11.52431882  -15.68546122
    1.21165000  -12.27865383  -11.72555638
    1.21165000  -11.87642425  -12.46313108
    1.21165000  -11.65505541  -11.51615087
    1.21270000  -12.41132195   -7.33766923
    1.21270000  -12.00876364   -8.11765391
    1.21270000  -11.78789241   -7.11546951
    1.21365000  -12.53349571   -3.13367150
    1.21365000  -12.13056324   -3.95927282
    1.21365000  -11.91024838   -2.89777081
    1.21480000  -12.68473901    2.31761429
    1.21480000  -12.28122165    1.42403168
    1.21480000  -12.06176204    2.57386217
    1.21595000  -12.84066321    8.27105132
    1.21595000  -12.43635200    7.28884305
    1.21595000  -12.21803361    8.55377177
    1.21705000  -12.99570677   14.59476471
    1.21705000  -12.59032589   13.49652290
    1.21705000  -12.37352058   14.91216828
    1.21785000  -13.11344909   19.72392839
    1.21785000  -12.70697537   18.50908410
    1.21785000  -12.49169536   20.07631840
    1.19980000  -10.72745084  -19.53694409
    1.19980000  -10.32556424  -20.20986628
    1.19980000  -10.10354919  -19.34724710
    1.20080000  -10.85052067  -15.72119410
    1.20080000  -10.44844443  -16.42425566
    1.20080000  -10.22673627  -15.52228789
    1.20180000  -10.97516346  -11.72341923
    1.20180000  -10.57284723  -12.46119463
    1.20180000  -10.35151549  -11.51397241
    1.20280000  -11.10166331   -7.51404157
    1.20280000  -10.69904449   -8.29239991
    1.20280000  -10.47817568   -7.29233935
    1.20378000  -11.22778770   -3.14650534
    1.20378000  -10.82479459   -3.97212674
    1.20378000  -10.60448672   -2.91059495
    1.20495000  -11.38181047    2.45110679
    1.20495000  -10.97823395    1.55555853
    1.20495000  -10.75878342    2.70796076
    1.20610000  -11.53789356    8.47058678
    1.20610000  -11.13353260    7.48495507
    1.20610000  -10.91521292    8.75436414
    1.20717000  -11.68875814   14.68965180
    1.20717000  -11.28336864   13.58933709
    1.20717000  -11.06650608   15.00772700
    1.20795000  -11.80343765   19.73768503
    1.20795000  -11.39699982   18.52240057
    1.20795000  -11.18160171   20.09027213
    1.19010000   -9.44328633  -19.63085137
    1.19010000   -9.04129135  -20.30325889
    1.19010000   -8.81932240  -19.44135350
    1.19110000   -9.56659723  -15.78669928
    1.19110000   -9.16442147  -16.48940804
    1.19110000   -8.94275130  -15.58793110
    1.19210000   -9.69145471  -11.75794190
    1.19210000   -9.28904806  -12.49558462
    1.19210000   -9.06774558  -11.54855477
    1.19310000   -9.81814201   -7.51435319
    1.19310000   -9.41544217   -8.29288415
    1.19310000   -9.19459318   -7.29260702
    1.19408000   -9.94442296   -3.10927208
    1.19408000   -9.54135839   -3.93549034
    1.19408000   -9.32106031   -2.87317890
    1.19520000  -10.09192034    2.28873769
    1.19520000   -9.68831241    1.39522954
    1.19520000   -9.46881738    2.54499949
    1.19631000  -10.24236964    8.12295633
    1.19631000   -9.83803130    7.14288143
    1.19631000   -9.61959373    8.40510675
    1.19740000  -10.39566204   14.47863822
    1.19740000   -9.99031360   13.38253261
    1.19740000   -9.77331092   14.79550324
    1.19820000  -10.51298148   19.68496777
    1.19820000  -10.10658774   18.47091299
    1.19820000   -9.89104716   20.03724900
    1.18060000   -8.18500730  -19.55488276
    1.18060000   -7.78289087  -20.22805736
    1.18060000   -7.56097608  -19.36519045
    1.18160000   -8.30862827  -15.67453193
    1.18160000   -7.90633799  -16.37835595
    1.18160000   -7.68471656  -15.47545396
    1.18260000   -8.43377960  -11.60575737
    1.18260000   -8.03126517  -12.34497286
    1.18260000   -7.81000602  -11.39591272
    1.18360000   -8.56074661   -7.31732275
    1.18360000   -8.15794539   -8.09804217
    1.18360000   -7.93713445   -7.09492436
    1.18452000   -8.67947549   -3.14304383
    1.18452000   -8.27633986   -3.96904330
    1.18452000   -8.05603803   -2.90701280
    1.18563000   -8.82573327    2.24799608
    1.18563000   -8.42207346    1.35487829
    1.18563000   -8.20255092    2.50415882
    1.18674000   -8.97618181    8.12862253
    1.18674000   -8.57180866    7.14830990
    1.18674000   -8.35332269    8.41087732
    1.18784000   -9.13084196   14.60285274
    1.18784000   -8.72546715   13.50407905
    1.18784000   -8.50840666   14.92056751
    1.18862000   -9.24513021   19.72924603
    1.18862000   -8.83875219   18.51398249
    1.18862000   -8.62309603   20.08195530
    1.17120000   -6.94028371  -19.67312200
    1.17120000   -6.53804783  -20.34560108
    1.17120000   -6.31616981  -19.48368484
    1.17220000   -7.06414742  -15.76551249
    1.17220000   -6.66174707  -16.46877466
    1.17220000   -6.44015373  -15.56663650
    1.17320000   -7.18951123  -11.66703562
    1.17320000   -6.78689643  -12.40587468
    1.17320000   -6.56565590  -11.45732446
    1.17420000   -7.31665871   -7.34583486
    1.17420000   -6.91376729   -8.12643980
    1.17420000   -6.69296457   -7.12347871
    1.17512000   -7.43552371   -3.13795025
    1.17512000   -7.03230772   -3.96417875
    1.17512000   -6.81200354   -2.90184692
    1.17622000   -7.58056972    2.24853647
    1.17622000   -7.17684752    1.35525100
    1.17622000   -6.95730048    2.50476711
    1.17731000   -7.72829772    8.06757787
    1.17731000   -7.32389253    7.08811285
    1.17731000   -7.10534183    8.34961209
    1.17841000   -7.88281507   14.59025262
    1.17841000   -7.47743222   13.49161358
    1.17841000   -7.26027590   14.90797724
    1.17920000   -7.99842748   19.82913017
    1.17920000   -7.59204754   18.61125350
    1.17920000   -7.37628818   20.18269069
    1.16200000   -5.72137625  -19.59112365
    1.16200000   -5.31900785  -20.26441606
    1.16200000   -5.09717617  -19.40147733
    1.16300000   -5.84555968  -15.64692684
    1.16300000   -5.44303394  -16.35135903
    1.16300000   -5.22148137  -15.44772354
    1.16400000   -5.97122490  -11.50791739
    1.16400000   -5.56849166  -12.24839704
    1.16400000   -5.34728627  -11.29772706
    1.16490000   -6.08582472   -7.58922838
    1.16490000   -5.68285177   -8.36753050
    1.16490000   -5.46203094   -7.36757613
    1.16587000   -6.21124622   -3.12350767
    1.16587000   -5.80794349   -3.95007347
    1.16587000   -5.58763438   -2.88729946
    1.16695000   -6.35375024    2.20699534
    1.16695000   -5.94996416    1.31410829
    1.16695000   -5.73038269    2.46312404
    1.16803000   -6.50010196    8.01502526
    1.16803000   -6.09565727    7.03626673
    1.16803000   -5.87704058    8.29688073
    1.16912000   -6.65305160   14.52370900
    1.16912000   -6.24766346   13.42630845
    1.16912000   -6.03039555   14.84111207
    1.16990000   -6.76694887   19.72921377
    1.16990000   -6.36060311   18.51375567
    1.16990000   -6.14467850   20.08210910
    1.15290000   -4.51590956  -19.67908180
    1.15290000   -4.11340928  -20.35190884
    1.15290000   -3.89160919  -19.48962021
    1.15390000   -4.64035710  -15.70623453
    1.15390000   -4.23770872  -16.41036754
    1.15390000   -4.01617937  -15.50715308
    1.15490000   -4.76625576  -11.53586738
    1.15490000   -4.36340942  -12.27627593
    1.15490000   -4.14221813  -11.32571767
    1.15580000   -4.88103816   -7.58606102
    1.15580000   -4.47796101   -8.36457452
    1.15580000   -4.25714532   -7.36435330
    1.15676000   -5.00531973   -3.13075278
    1.15676000   -4.60192657   -3.95740735
    1.15676000   -4.38160622   -2.89451450
    1.15785000   -5.14927523    2.29579925
    1.15785000   -4.74540671    1.40155294
    1.15785000   -4.52580663    2.55235315
    1.15893000   -5.29572986    8.16172374
    1.15893000   -4.89121505    7.18042996
    1.15893000   -4.67256515    8.44437133
    1.16000000   -5.44587708   14.61610323
    1.16000000   -5.04045172   13.51668296
    1.16000000   -4.82310589   14.93416207
    1.16075000   -5.55522901   19.66272431
    1.16075000   -5.14890348   18.44883534
    1.16075000   -4.93282158   20.01520991
    1.14400000   -3.33621730  -19.53630800
    1.14400000   -2.93357256  -20.21040743
    1.14400000   -2.71181466  -19.34649492
    1.14490000   -3.44847194  -15.93368188
    1.14490000   -3.04570204  -16.63613361
    1.14490000   -2.82418059  -15.73514628
    1.14590000   -3.57454541  -11.74081239
    1.14590000   -3.17158946  -12.47953436
    1.14590000   -2.95039382  -11.53119531
    1.14680000   -3.68944541   -7.76919283
    1.14680000   -3.28627020   -8.54603063
    1.14680000   -3.06543766   -7.54800116
    1.14779000   -3.81772599   -3.14398613
    1.14779000   -3.41423749   -3.97066145
    1.14779000   -3.19390178   -2.90773837
    1.14886000   -3.95911981    2.22224111
    1.14886000   -3.55517936    1.32882378
    1.14886000   -3.33553355    2.47856355
    1.14992000   -4.10279772    8.01525904
    1.14992000   -3.69824342    7.03619924
    1.14992000   -3.47950454    8.29726973
    1.15099000   -4.25272177   14.50608012
    1.15099000   -3.84728584   13.40878705
    1.15099000   -3.62981317   14.82354998
    1.15175000   -4.36330480   19.65444188
    1.15175000   -3.95698168   18.44066006
    1.15175000   -3.74075620   20.00695815
    1.13520000   -2.16987498  -19.53929399
    1.13520000   -1.76708554  -20.21356868
    1.13520000   -1.54535720  -19.34946777
    1.13610000   -2.28240182  -15.90733315
    1.13610000   -1.87949489  -16.61019396
    1.13610000   -1.65799644  -15.70870304
    1.13710000   -2.40875137  -11.67866202
    1.13710000   -2.00566702  -12.41813735
    1.13710000   -1.78448661  -11.46883499
    1.13800000   -2.52387567   -7.67120877
    1.13800000   -2.12057991   -8.44921896
    1.13800000   -1.89975514   -7.44967077
    1.13896000   -2.64844972   -3.14749943
    1.13896000   -2.24485994   -3.97430788
    1.13896000   -2.02450668   -2.91120838
    1.14003000   -2.78996202    2.26288096
    1.14003000   -2.38593355    1.36875255
    1.14003000   -2.16625499    2.51943423
    1.14109000   -2.93370154    8.10813068
    1.14109000   -2.52907369    7.12741179
    1.14109000   -2.31028444    8.39067125
    1.14216000   -3.08362640   14.66506961
    1.14216000   -2.67813298   13.56438973
    1.14216000   -2.46058919   14.98360603
    1.14290000   -3.19120946   19.72930761
    1.14290000   -2.78486758   18.51354764
    1.14290000   -2.56851729   20.08248350
    1.12650000   -1.01681442  -19.67902843
    1.12650000   -0.61387890  -20.35244976
    1.12650000   -0.39216907  -19.48950738
    1.12750000   -1.14217212  -15.60766356
    1.12750000   -0.73911394  -16.31318821
    1.12750000   -0.51765317  -15.40824620
    1.12840000   -1.25615673  -11.76670696
    1.12840000   -0.85294608  -12.50556709
    1.12840000   -0.63176532  -11.55708718
    1.12935000   -1.37790048   -7.50083554
    1.12935000   -0.97447570   -8.28075708
    1.12935000   -0.75366151   -7.27872662
    1.13027000   -1.49747855   -3.12557124
    1.13027000   -1.09378073   -3.95280564
    1.13027000   -0.87340943   -2.88914856
    1.13133000   -1.63778647    2.27802575
    1.13133000   -1.23366742    1.38352903
    1.13133000   -1.01394915    2.53470693
    1.13239000   -1.78156724    8.17309773
    1.13239000   -1.37686450    7.19117016
    1.13239000   -1.15801625    8.45603340
    1.13344000   -1.92860432   14.66153619
    1.13344000   -1.52307327   13.56080115
    1.13344000   -1.30541967   14.98013868
    1.13418000   -2.03601739   19.76710978
    1.13418000   -1.62965888   18.55029869
    1.13418000   -1.41317035   20.12066573
    1.11800000    0.11051830  -19.54530618
    1.11800000    0.51361162  -20.21993272
    1.11800000    0.73529107  -19.35545310
    1.11890000   -0.00256416  -15.85460103
    1.11890000    0.40063094  -16.55828213
    1.11890000    0.62209393  -15.65578072
    1.11990000   -0.12947460  -11.55414939
    1.11990000    0.27388024  -12.29513725
    1.11990000    0.49504119  -11.34389972
    1.12080000   -0.24505131   -7.47474072
    1.12080000    0.15849872   -8.25510949
    1.12080000    0.37931957   -7.25250451
    1.12171000   -0.36349166   -3.11186630
    1.12171000    0.04031839   -3.93943279
    1.12171000    0.26071193   -2.87534025
    1.12276000   -0.50258889    2.28345117
    1.12276000   -0.09837526    1.38871659
    1.12276000    0.12138723    2.54022103
    1.12380000   -0.64365130    8.10976916
    1.12380000   -0.23888296    7.12872239
    1.12380000   -0.01995171    8.39247281
    1.12485000   -0.79054217   14.64398626
    1.12485000   -0.38497028   13.54348325
    1.12485000   -0.16720120   14.96256833
    1.12558000   -0.89629651   19.71613388
    1.12558000   -0.48993200   18.50050103
    1.12558000   -0.27328025   20.06939674
    1.10960000    1.22462576  -19.52398915
    1.10960000    1.62787848  -20.19897567
    1.10960000    1.84953714  -19.33406549
    1.11060000    1.09859532  -15.37914251
    1.11060000    1.50195478  -16.08694975
    1.11060000    1.72337721  -15.17908338
    1.11150000    0.98404989  -11.46498762
    1.11150000    1.38754759  -12.20698026
    1.11150000    1.60870214  -11.25445021
    1.11240000    0.86823596   -7.34799207
    1.11240000    1.27192088   -8.12983564
    1.11240000    1.49274291   -7.12531628
    1.11327000    0.75483484   -3.14158983
    1.11327000    1.15875900   -3.96899008
    1.11327000    1.37918244   -2.90511102
    1.11432000    0.61563341    2.29496308
    1.11432000    1.01994686    1.39990801
    1.11432000    1.23975588    2.55184647
    1.11535000    0.47591020    8.11059605
    1.11535000    0.88075615    7.12938432
    1.11535000    1.09976288    8.39338142
    1.11641000    0.32768790   14.76533757
    1.11641000    0.73332462   13.66220822
    1.11641000    0.95118491   15.08475872
    1.11713000    0.22349055   19.81784604
    1.11713000    0.62989246   18.59955428
    1.11713000    0.84667346   20.17197447    
    1.10130000    2.32556161  -19.60612277
    1.10130000    2.72897615  -20.28069056
    1.10130000    2.95062235  -19.41637017
    1.10230000    2.19923671  -15.43233437
    1.10230000    2.60274806  -16.13989344
    1.10230000    2.82416696  -15.23238130
    1.10320000    2.08445872  -11.48967401
    1.10320000    2.48809905  -12.23162874
    1.10320000    2.70925892  -11.27916729
    1.10410000    1.96844526   -7.34124936
    1.10410000    2.37226314   -8.12334416
    1.10410000    2.59310030   -7.11850536
    1.10497000    1.85488523   -3.10092198
    1.10497000    2.25893247   -3.92896501
    1.10497000    2.47938166   -2.86424584
    1.10600000    1.71822220    2.27403524
    1.10600000    2.12263750    1.37909657
    1.10600000    2.34250002    2.53090057
    1.10703000    1.57848503    8.13459734
    1.10703000    1.98341559    7.15284296
    1.10703000    2.20249728    8.41757785
    1.10806000    1.43460972   14.64497431
    1.10806000    1.84028333   13.54419208
    1.10806000    2.05828436   14.96373852
    1.10879000    1.32920177   19.79961231
    1.10879000    1.73562536   18.58167671
    1.10879000    1.95256712   20.15369560
    1.09320000    3.40076221  -19.37160450
    1.09320000    3.80434844  -20.04814118
    1.09320000    4.02597002  -19.18128116
    1.09410000    3.28677387  -15.58438873
    1.09410000    3.69043921  -16.29088182
    1.09410000    3.91186302  -15.38479409
    1.09500000    3.17178717  -11.61814738
    1.09500000    3.57557102  -12.35911581
    1.09500000    3.79674617  -11.40796180
    1.09585000    3.06209479   -7.68197225
    1.09585000    3.46603434   -8.46078505
    1.09585000    3.68691767   -7.46023523
    1.09678000    2.94060833   -3.12579493
    1.09678000    3.34477910   -3.95372835
    1.09678000    3.56526350   -2.88914908
    1.09780000    2.80517923    2.23527000
    1.09780000    3.20969971    1.34068713
    1.09780000    3.42962047    2.49204494
    1.09881000    2.66818698    8.01876603
    1.09881000    3.07319323    7.03874084
    1.09881000    3.29237278    8.30125855
    1.09983000    2.52591750   14.49987127
    1.09983000    2.93163088   13.40192861
    1.09983000    3.14977804   14.81782959
    1.10055000    2.42224967   19.60503711
    1.10055000    2.82867264   18.39187245
    1.10055000    3.04581568   19.95774062
    1.08510000    4.47546334  -19.63050273
    1.08510000    4.87921746  -20.30528806
    1.08510000    5.10084052  -19.44076504
    1.08610000    4.34849582  -15.39185984
    1.08610000    4.75232803  -16.10014427
    1.08610000    4.97373999  -15.19174265
    1.08700000    4.23320069  -11.38484477
    1.08700000    4.63714465  -12.12813913
    1.08700000    4.85831349  -11.17396609
    1.08780000    4.12973776   -7.64540814
    1.08780000    4.53382106   -8.42477486
    1.08780000    4.75472209   -7.42351151
    1.08872000    4.00938208   -3.10196809
    1.08872000    4.41368349   -3.93035169
    1.08872000    4.63420129   -2.86518307
    1.08972000    3.87650509    2.19327200
    1.08972000    4.28113516    1.29908717
    1.08972000    4.50111697    2.44994356
    1.09072000    3.74088368    7.95821580
    1.09072000    4.14597605    6.97901788
    1.09072000    4.36524738    8.24049101
    1.09172000    3.60158807   14.34815723
    1.09172000    4.00734655   13.25317046
    1.09172000    4.22564150   14.66527383
    1.09248000    3.49235399   19.77873884
    1.09248000    3.89883831   18.56112050
    1.09248000    4.11610500   20.13285058
    1.07720000    5.52444450  -19.54835299
    1.07720000    5.92837573  -20.22395715
    1.07720000    6.14998754  -19.35840153
    1.07810000    5.40990643  -15.70980157
    1.07810000    5.81389822  -16.41564926
    1.07810000    6.03532893  -15.51046696
    1.07900000    5.29443743  -11.68761967
    1.07900000    5.69852847  -12.42833359
    1.07900000    5.91972893  -11.47755140
    1.07980000    5.19086291   -7.93412536
    1.07980000    5.59508123   -8.71076285
    1.07980000    5.81602697   -7.71307010
    1.08077000    5.06384522   -3.11748672
    1.08077000    5.46827930   -3.94586899
    1.08077000    5.68883692   -2.88069933
    1.08176000    4.93219940    2.16262469
    1.08176000    5.33694435    1.26868422
    1.08176000    5.55698836    2.41923898
    1.08274000    4.79931278    7.84843324
    1.08274000    5.20449181    6.87085389
    1.08274000    5.42386336    8.13025253
    1.08373000    4.66160168   14.20777578
    1.08373000    5.06741256   13.11549702
    1.08373000    5.28585382   14.52412449
    1.08450000    4.55119178   19.74109917
    1.08450000    4.95770963   18.52432092
    1.08450000    5.17514767   20.09501870
    1.06940000    6.56035241  -19.52705136
    1.06940000    6.96446378  -20.20301703
    1.06940000    7.18606996  -19.33702831
    1.07030000    6.44550798  -15.65784572
    1.07030000    6.84967151  -16.36431781
    1.07030000    7.07110373  -15.45834860
    1.07120000    6.32976297  -11.60190818
    1.07120000    6.73401718  -12.34359409
    1.07120000    6.95522696  -11.39156131
    1.07200000    6.22597006   -7.81515757
    1.07200000    6.63034373   -8.59317732
    1.07200000    6.85130639   -7.59369030
    1.07294000    6.10268553   -3.10827166
    1.07294000    6.50725763   -3.93693700
    1.07294000    6.72785556   -2.87139570
    1.07391000    5.97360304    2.10202269
    1.07391000    6.37846528    1.20872724
    1.07391000    6.59857695    2.35845852
    1.07488000    5.84209302    7.76540369
    1.07488000    6.24736601    6.78900572
    1.07488000    6.46683582    8.04689809
    1.07585000    5.70735151   14.02808113
    1.07585000    6.11321628   12.93928247
    1.07585000    6.33181053   14.34342849
    1.07665000    5.59288882   19.81348167
    1.07665000    5.99946021   18.59478059
    1.07665000    6.21705014   20.16804473
    1.06170000    7.58321794  -19.55754937
    1.06170000    7.98751283  -20.23348686
    1.06170000    8.20911818  -19.36757626
    1.06260000    7.46807486  -15.66004304
    1.06260000    7.87241291  -16.36669299
    1.06260000    8.09385218  -15.46052138
    1.06350000    7.35206506  -11.57304774
    1.06350000    7.75648451  -12.31518759
    1.06350000    7.97771003  -11.36258104
    1.06426000    7.25328940   -7.95121810
    1.06426000    7.65781321   -8.72805369
    1.06426000    7.87881332   -7.73012222
    1.06522000    7.12722618   -3.11292804
    1.06522000    7.53193957   -3.94171749
    1.06522000    7.75258162   -2.87601177
    1.06618000    6.99937251    2.08109959
    1.06618000    7.40435885    1.18791616
    1.06618000    7.62453633    2.33751766
    1.06713000    6.87058722    7.66343150
    1.06713000    7.27595742    6.68851377
    1.06713000    7.49552939    7.94451044
    1.06809000    6.73740849   13.89439893
    1.06809000    7.14333790   12.80813776
    1.06809000    7.36207817   14.20902813
    1.06890000    6.62178405   19.78582803
    1.06890000    7.02839922   18.56771652
    1.06890000    7.24616299   20.14027434
    1.05410000    8.59306751  -19.63069910
    1.05410000    8.99754963  -20.30628842
    1.05410000    9.21915820  -19.44087609
    1.05500000    8.47763016  -15.70687041
    1.05500000    8.88214593  -16.41333043
    1.05500000    9.10359687  -15.50743820
    1.05590000    8.36136296  -11.59108938
    1.05590000    8.76595025  -12.33325500
    1.05590000    8.98719683  -11.38063436
    1.05667000    8.26109358   -7.89339512
    1.05667000    8.66577799   -8.67099719
    1.05667000    8.88680487   -7.67207493
    1.05761000    8.13747112   -3.11908812
    1.05761000    8.54232960   -3.94798473
    1.05761000    8.76301840   -2.88213672
    1.05855000    8.01219107    2.00112506
    1.05855000    8.41730220    1.10884230
    1.05855000    8.63755335    2.25728672
    1.05950000    7.88341733    7.61906602
    1.05950000    8.28889378    6.64470217
    1.05950000    8.50856271    7.90000826
    1.06044000    7.75316590   13.75509965
    1.06044000    8.15916480   12.67147273
    1.06044000    8.37805243   14.06898077
    1.06125000    7.63783535   19.67491707
    1.06125000    8.04448838   18.45947788
    1.06125000    8.26244240   20.02861574
    1.04660000    9.58992352  -19.73730206
    1.04660000    9.99459677  -20.41229389
    1.04660000   10.21621195  -19.54770759
    1.04750000    9.47419323  -15.78873440
    1.04750000    9.87889024  -16.49471700
    1.04750000   10.10035666  -15.58948109
    1.04840000    9.35767245  -11.64598800
    1.04840000    9.76243063  -12.38784357
    1.04840000    9.98370263  -11.43564814
    1.04918000    9.25591046   -7.87347998
    1.04918000    9.66075782   -8.65146788
    1.04918000    9.88181665   -7.65205167
    1.05011000    9.13342235   -3.11437515
    1.05011000    9.53843013   -3.94350398
    1.05011000    9.75916730   -2.87735065
    1.05104000    9.00937044    1.98828966
    1.05104000    9.41461424    1.09600926
    1.05104000    9.63493481    2.24446629
    1.05197000    8.88331393    7.52346718
    1.05197000    9.28889723    6.55047250
    1.05197000    9.50867060    7.80402642
    1.05290000    8.75460726   13.62645485
    1.05290000    9.16068195   12.54523627
    1.05290000    9.37971590   13.93965525
    1.05373000    8.63667718   19.73223177
    1.05373000    9.04339352   18.51525192
    1.05373000    9.26150996   20.08645817
    1.03920000   10.57380455  -19.86814888
    1.03920000   10.97867300  -20.54236460
    1.03920000   11.20029757  -19.67883951
    1.04015000   10.45131363  -15.66985868
    1.04015000   10.85619741  -16.37701703
    1.04015000   11.07767342  -15.47027114
    1.04100000   10.34100623  -11.72765514
    1.04100000   10.74593870  -12.46895813
    1.04100000   10.96723960  -11.51750546
    1.04180000   10.23643755   -7.83104069
    1.04180000   10.64145190   -8.60964148
    1.04180000   10.86254394   -7.60943465
    1.04271000   10.11640636   -3.13967220
    1.04271000   10.52156594   -3.96868923
    1.04271000   10.74235606   -2.90267929
    1.04363000    9.99359421    1.94230937
    1.04363000   10.39897279    1.05047284
    1.04363000   10.61936787    2.19836718
    1.04455000    9.86889931    7.45268941
    1.04455000   10.27459560    6.48066400
    1.04455000   10.49447216    7.73298581
    1.04547000    9.74171858   13.52459415
    1.04547000   10.14787647   12.44524430
    1.04547000   10.36705385   13.83727597
    1.04630000    9.62406465   19.66411305
    1.04630000   10.03083334   18.44872943
    1.04630000   10.24913521   20.01791693
    1.03200000   11.53183114  -19.57908209
    1.03200000   11.93689763  -20.25566545
    1.03200000   12.15852132  -19.38907194
    1.03290000   11.41543744  -15.56353723
    1.03290000   11.82051082  -16.27177021
    1.03290000   12.04199987  -15.36364634
    1.03370000   11.31137415  -11.82599911
    1.03370000   11.71648459  -12.56660014
    1.03370000   11.93781710  -11.61608614
    1.03452000   11.20398958   -7.80475535
    1.03452000   11.60917383   -8.58380676
    1.03452000   11.83030260   -7.58302110
    1.03542000   11.08509826   -3.13008989
    1.03542000   11.49041449   -3.95939539
    1.03542000   11.71125739   -2.89300683
    1.03633000   10.96351514    1.93310329
    1.03633000   11.36903409    1.04121982
    1.03633000   11.58950262    2.18919070
    1.03723000   10.84153303    7.35817482
    1.03723000   11.24734501    6.38749150
    1.03723000   11.46732862    7.63809535
    1.03814000   10.71588452   13.39545307
    1.03814000   11.12212808   12.31849725
    1.03814000   11.34145302   13.70745711
    1.03899000   10.59565157   19.72365361
    1.03899000   11.00249096   18.50667425
    1.03899000   11.22095996   20.07800196
    1.02480000   12.48976769  -19.72846874
    1.02480000   12.89503643  -20.40413398
    1.02480000   13.11667467  -19.53878838
    1.02570000   12.37307510  -15.69025543
    1.02570000   12.77834014  -16.39763948
    1.02570000   12.99985333  -15.49065916
    1.02650000   12.26878340  -11.93095232
    1.02650000   12.67407561  -12.67079425
    1.02650000   12.89544182  -11.72129424
    1.02734000   12.15857123   -7.78408671
    1.02734000   12.56392853   -8.56353237
    1.02734000   12.78509680   -7.56224140
    1.02823000   12.04082412   -3.12725953
    1.02823000   12.44630017   -3.95677626
    1.02823000   12.66719863   -2.89010982
    1.02912000   11.92181929    1.85765361
    1.02912000   12.32747928    0.96660399
    1.02912000   12.54802853    2.11350350
    1.03002000   11.79984001    7.31659313
    1.03002000   12.20577502    6.34641016
    1.03002000   12.42586197    7.59639161
    1.03091000   11.67708808   13.25387513
    1.03091000   12.08342120   12.17954209
    1.03091000   12.30289554   13.56513156
    1.03177500   11.55501191   19.73103222
    1.03177500   11.96191972   18.51376063
    1.03177500   12.18056625   20.08553002
    1.01770000   13.43476261  -19.87464552
    1.01770000   13.84023755  -20.54942097
    1.01770000   14.06189190  -19.68528690
    1.01860000   13.31776415  -15.81366373
    1.01860000   13.72322473  -16.52022970
    1.01860000   13.94476362  -15.61435317
    1.01938000   13.21585861  -12.12917757
    1.01938000   13.62133563  -12.86742290
    1.01938000   13.84274099  -11.92003397
    1.02026000   13.10018478   -7.75847210
    1.02026000   13.50571841   -8.53836209
    1.02026000   13.72692832   -7.53650026
    1.02114000   12.98358356   -3.11992532
    1.02114000   13.38922287   -3.94970507
    1.02114000   13.61017886   -2.88269318
    1.02202000   12.86581249    1.84399538
    1.02202000   13.27161986    0.95295706
    1.02202000   13.49224688    2.09985686
    1.02290000   12.74654475    7.21475923
    1.02290000   13.15260329    6.24602567
    1.02290000   13.37280059    7.49414841
    1.02378000   12.62531453   13.11457628
    1.02378000   13.03174225   12.04280633
    1.02378000   13.25136597   13.42510237
    1.02466000   12.50140339   19.74230485
    1.02466000   12.90838354   18.52464333
    1.02466000   13.12720915   20.09698166
    1.01075000   14.36031583  -19.78654527
    1.01075000   14.76599847  -20.46218150
    1.01075000   14.98766534  -19.59695784
    1.01160000   14.24950770  -15.92422495
    1.01160000   14.65516759  -16.63008152
    1.01160000   14.87673341  -15.72516690
    1.01241000   14.14342839  -12.07192811
    1.01241000   14.54909593  -12.81088130
    1.01241000   14.77053199  -11.86258673
    1.01328000   14.02883020   -7.71732382
    1.01328000   14.43454347   -8.49781517
    1.01328000   14.65579664   -7.49517710
    1.01415000   13.91337457   -3.09681597
    1.01415000   14.31918075   -3.92703981
    1.01415000   14.54019559   -2.85944612
    1.01501000   13.79818171    1.78755575
    1.01501000   14.20413826    0.89709586
    1.01501000   14.42484800    2.04325655
    1.01588000   13.68027249    7.12886681
    1.01588000   14.08645947    6.16132617
    1.01588000   14.30676684    7.40792371
    1.01675000   13.56055137   12.99213294
    1.01675000   13.96707955   11.92258652
    1.01675000   14.18685115   13.30203053
    1.01762000   13.43836362   19.57158062
    1.01762000   13.84540315   18.35806816
    1.01762000   14.06443289   19.92505928
    1.00390000   15.27289285  -19.67392303
    1.00390000   15.67878556  -20.35060487
    1.00390000   15.90046700  -19.48404809
    1.00470000   15.16830573  -16.01243800
    1.00470000   15.57416845  -16.71777053
    1.00470000   15.79576224  -15.81357515
    1.00553000   15.05934344  -12.03831270
    1.00553000   15.46520422  -12.77776122
    1.00553000   15.68667429  -11.82883909
    1.00639000   14.94582933   -7.70189644
    1.00639000   15.35172483   -8.48272973
    1.00639000   15.57302477   -7.47965439
    1.00725000   14.83152800   -3.10187068
    1.00725000   15.23750344   -3.93221564
    1.00725000   15.45858090   -2.86446165
    1.00810000   14.71757629    1.75856099
    1.00810000   15.12368651    0.86831467
    1.00810000   15.34447881    2.01421163
    1.00896000   14.60101574    7.07201789
    1.00896000   15.00733640    6.10521061
    1.00896000   15.22775275    7.35088112
    1.00982000   14.48278802   12.90100942
    1.00982000   14.88942305   11.83307410
    1.00982000   15.10933999   13.21046306
    1.01067000   14.36371551   19.35454028
    1.01067000   14.77081609   18.14628625
    1.01067000   14.99005434   19.70648341
    0.99715000   16.17248957  -19.52750088
    0.99715000   16.57859438  -20.20548424
    0.99715000   16.80029236  -19.33725717
    0.99791000   16.07284181  -16.02174954
    0.99791000   16.47891023  -16.72720375
    0.99791000   16.70053171  -15.82288044
    0.99875000   15.96228970  -11.96992763
    0.99875000   16.36834662  -12.71018561
    0.99875000   16.58985184  -11.76022423
    0.99960000   15.84985835   -7.65044963
    0.99960000   16.25593939   -8.43198899
    0.99960000   16.47728681   -7.42800015
    1.00044000   15.73804365   -3.12496080
    1.00044000   16.14419109   -3.95522023
    1.00044000   16.36533408   -2.88757580
    1.00129000   15.62399029    1.76909397
    1.00129000   16.03025863    0.87853750
    1.00129000   16.25113290    2.02485346
    1.00213000   15.51013089    6.99240533
    1.00213000   15.91658785    6.02668535
    1.00213000   16.13711623    7.27096733
    1.00298000   15.39339980   12.78382330
    1.00298000   15.80014426   11.71799069
    1.00298000   16.02020958   13.09268369
    1.00382000   15.27602136   19.18786285
    1.00382000   15.68319282   17.98358689
    1.00382000   15.90263226   19.53865809
    0.99039000   17.07354233  -19.83840311
    0.99039000   17.47986895  -20.51426085
    0.99039000   17.70159366  -19.64887217
    0.99123000   16.96309878  -15.94161536
    0.99123000   17.36937504  -16.64792246
    0.99123000   17.59102422  -15.74251117
    0.99206000   16.85358257  -11.90647016
    0.99206000   17.25983823  -12.64749395
    0.99206000   17.48138116  -11.69655017
    0.99289000   16.74356870   -7.65759739
    0.99289000   17.14983753   -8.43925067
    0.99289000   17.37123696   -7.43512254
    0.99373000   16.63158223   -3.09996650
    0.99373000   17.03790558   -3.93069176
    0.99373000   17.25911372   -2.86243703
    0.99456000   16.52011451    1.71105152
    0.99456000   16.92654211    0.82109217
    0.99456000   17.14750422    1.96664390
    0.99539000   16.40760939    6.90192352
    0.99539000   16.81420590    5.93745648
    0.99539000   17.03484816    7.18013361
    0.99623000   16.29237281   12.65378915
    0.99623000   16.69923023   11.59029311
    0.99623000   16.91944537   12.96198485
    0.99706000   16.17668176   19.00584351
    0.99706000   16.58392825   17.80588811
    0.99706000   16.80356942   19.35538614
    0.98381000   17.95114966  -19.73827819
    0.98381000   18.35769459  -20.41508672
    0.98381000   18.57944096  -19.54848882
    0.98463000   17.84301753  -15.90472266
    0.98463000   18.24950457  -16.61152942
    0.98463000   18.47118472  -15.70549361
    0.98546000   17.73322196  -11.83891550
    0.98546000   18.13967888  -12.58074299
    0.98546000   18.36126174  -11.62876685
    0.98628000   17.62430341   -7.60891858
    0.98628000   18.03076321   -8.39125040
    0.98628000   18.25221466   -7.38624443
    0.98710000   17.51481446   -3.12833164
    0.98710000   17.92131574   -3.95891110
    0.98710000   18.14259343   -2.89084479
    0.98793000   17.40324694    1.71511411
    0.98793000   17.80983856    0.82493015
    0.98793000   18.03088674    1.97078917
    0.98875000   17.29208076    6.87802322
    0.98875000   17.69882280    5.91376881
    0.98875000   17.91957576    7.15619637
    0.98957000   17.17969495   12.52402222
    0.98957000   17.58666958   11.46284497
    0.98957000   17.80703471   12.83155787
    0.99039000   17.06567913   18.82337491
    0.99039000   17.47300590   17.62771590
    0.99039000   17.69284758   19.17167142
    0.97732000   18.81709036  -19.62485615
    0.97732000   19.22385561  -20.30271657
    0.97732000   19.44562586  -19.43477584
    0.97813000   18.70995852  -15.80717607
    0.97813000   19.11665808  -16.51498007
    0.97813000   19.33837024  -15.60766597
    0.97894000   18.60253374  -11.80880557
    0.97894000   19.00919458  -12.55109801
    0.97894000   19.23082059  -11.59853319
    0.97975000   18.49471967   -7.60051035
    0.97975000   18.90137289   -8.38311343
    0.97975000   19.12287984   -7.37776225
    0.98057000   18.38505893   -3.08754046
    0.98057000   18.79174189   -3.91876684
    0.98057000   19.01308810   -2.84985360
    0.98138000   18.27607996    1.67159144
    0.98138000   18.68283746    0.78181132
    0.98138000   18.90397588    1.92715776
    0.98219000   18.16626256    6.80164159
    0.98219000   18.57315157    5.83841501
    0.98219000   18.79401983    7.07953026
    0.98300000   18.05535586   12.40752456
    0.98300000   18.46245241   11.34840364
    0.98300000   18.68296676   12.71447895
    0.98381000   17.94299951   18.65513715
    0.98381000   18.35041256   17.46339969
    0.98381000   18.57045230   19.00230051
    0.97091000   19.67268481  -19.53630766
    0.97091000   20.07967312  -20.21503500
    0.97091000   20.30146989  -19.34599445
    0.97171000   19.56656172  -15.73631162
    0.97171000   19.97347646  -16.44489507
    0.97171000   20.19522341  -15.53658833
    0.97251000   19.46019078  -11.75721252
    0.97251000   19.86705791  -12.50016493
    0.97251000   20.08872865  -11.54675560
    0.97331000   19.35348331   -7.57016450
    0.97331000   19.76033261   -8.35326092
    0.97331000   19.98189636   -7.34727387
    0.97411000   19.24633304   -3.13772768
    0.97411000   19.65319945   -3.96855829
    0.97411000   19.87461959   -2.90016019
    0.97492000   19.13725841    1.65145177
    0.97492000   19.54418525    0.76176627
    0.97492000   19.76541434    1.90700333
    0.97572000   19.02878440    6.74978445
    0.97572000   19.43582444    5.78720231
    0.97572000   19.65680773    7.02750459
    0.97652000   18.91934672   12.31720248
    0.97652000   19.32657013   11.25963653
    0.97652000   19.54723236   12.62372690
    0.97732000   18.80863227   18.51562264
    0.97732000   19.21613802   17.32709504
    0.97732000   19.43637259   18.86186821