    1.26130000  -18.49470763  -19.53381506
    1.26130000  -18.87018100  -20.00296492
    1.26130000  -19.24190744  -19.31637334
    1.26230000  -18.61622892  -15.91311977
    1.26230000  -18.99150190  -16.40273407
    1.26230000  -19.36347057  -15.68677169
    1.26340000  -18.75184642  -11.74087630
    1.26340000  -19.12685175  -12.25634496
    1.26340000  -19.49914739  -11.50316335
    1.26450000  -18.88986350   -7.33735204
    1.26450000  -19.26453921   -7.88319205
    1.26450000  -19.63724165   -7.08615368
    1.26552000  -19.02041049   -3.00901673
    1.26552000  -19.39470918   -3.58837526
    1.26552000  -19.76788161   -2.74279416
    1.26680000  -19.18856362    2.83224671
    1.26680000  -19.56225668    2.20056931
    1.26680000  -19.93619349    3.12216517
    1.26800000  -19.35184319    8.83775344
    1.26800000  -19.72477325    8.14143498
    1.26800000  -20.09968835    9.15728915
    1.26900000  -19.49349423   14.36392873
    1.26900000  -19.86556336   13.59521726
    1.26900000  -20.24160134   14.71701224
    1.26990000  -19.62692914   19.89116250
    1.26990000  -19.99793873   19.03324354
    1.26990000  -20.37538408   20.28607843
    1.25060000  -17.07854919  -19.57597674
    1.25060000  -17.45398416  -20.04499482
    1.25060000  -17.82577941  -19.35854278
    1.25160000  -17.20030363  -15.92460810
    1.25160000  -17.57554082  -16.41425648
    1.25160000  -17.94757079  -15.69820847
    1.25270000  -17.33615854  -11.71539081
    1.25270000  -17.71113114  -12.23113300
    1.25270000  -18.08347977  -11.47753480
    1.25380000  -17.47439459   -7.27062439
    1.25380000  -17.84904081   -7.81706488
    1.25380000  -18.22178795   -7.01915102
    1.25479000  -17.60124576   -3.03154597
    1.25479000  -17.97553018   -3.61083737
    1.25479000  -18.34872466   -2.76536095
    1.25605000  -17.76682695    2.76479161
    1.25605000  -18.14052412    2.13364867
    1.25605000  -18.51445531    3.05443955
    1.25720000  -17.92312821    8.55357284
    1.25720000  -18.29611048    7.86048325
    1.25720000  -18.67095415    8.87157402
    1.25825000  -18.07162265   14.39299467
    1.25825000  -18.44371960   13.62373639
    1.25825000  -18.81971460   14.74626510
    1.25910000  -18.19735119   19.64696346
    1.25910000  -18.56846879   18.79330047
    1.25910000  -18.94576203   20.03978455
    1.24005000  -15.68253690  -19.72564269
    1.24005000  -16.05794634  -20.19394869
    1.24005000  -16.42981105  -19.50846688
    1.24110000  -15.81062272  -15.86020289
    1.24110000  -16.18582742  -16.35033387
    1.24110000  -16.55793036  -15.63355613
    1.24220000  -15.94675933  -11.60993180
    1.24220000  -16.32170155  -12.12647135
    1.24220000  -16.69411601  -11.37170204
    1.24325000  -16.07891149   -7.32901892
    1.24325000  -16.45354568   -7.87514659
    1.24325000  -16.82633201   -7.07767767
    1.24425000  -16.20716753   -3.01108457
    1.24425000  -16.58144124   -3.59066294
    1.24425000  -16.95466946   -2.74477776
    1.24545000  -16.36487674    2.54899630
    1.24545000  -16.73860121    1.91982502
    1.24545000  -17.11251400    2.83772105
    1.24665000  -16.52790885    8.63501269
    1.24665000  -16.90090000    7.94083696
    1.24665000  -17.27574479    8.95346662
    1.24770000  -16.67642926   14.53675047
    1.24770000  -17.04854259   13.76527834
    1.24770000  -17.42452645   14.89098414
    1.24855000  -16.80217637   19.85463899
    1.24855000  -17.17331532   18.99713819
    1.24855000  -17.55058966   20.24918204
    1.22970000  -14.31264883  -19.78749271
    1.22970000  -14.68803561  -20.25556327
    1.22970000  -15.05998156  -19.57036872
    1.23075000  -14.44098253  -15.89072058
    1.23075000  -14.81616755  -16.38077528
    1.23075000  -15.18834337  -15.66407072
    1.23180000  -14.57110894  -11.80423269
    1.23180000  -14.94604791  -12.31961338
    1.23180000  -15.31851099  -11.56649125
    1.23290000  -14.70971123   -7.28519615
    1.23290000  -15.08433274   -7.83175890
    1.23290000  -15.45717442   -7.03365395
    1.23388000  -14.83554844   -3.01604788
    1.23388000  -15.20982099   -3.59570524
    1.23388000  -15.58308665   -2.74971276
    1.23503000  -14.98670081    2.35004500
    1.23503000  -15.36045678    1.72266896
    1.23503000  -15.73436191    2.63792861
    1.23625000  -15.15232661    8.57755239
    1.23625000  -15.52535234    7.88392457
    1.23625000  -15.90018122    8.89570758
    1.23730000  -15.30071143   14.52606671
    1.23730000  -15.67287414   13.75462231
    1.23730000  -16.04881984   14.88021983
    1.23815000  -15.42629323   19.89062122
    1.23815000  -15.79749631   19.03235247
    1.23815000  -16.17471110   20.28543906
    1.21960000  -12.97492348  -19.56019080
    1.21960000  -13.35028103  -20.02959068
    1.21960000  -13.72232953  -19.34244495
    1.22060000  -13.09746689  -15.81045080
    1.22060000  -13.47263323  -16.30108423
    1.22060000  -13.84489506  -15.58351275
    1.22160000  -13.22162218  -11.88523553
    1.22160000  -13.59655722  -12.40019923
    1.22160000  -13.96908459  -11.64765488
    1.22270000  -13.36039364   -7.33128411
    1.22270000  -13.73501635   -7.87762568
    1.22270000  -14.10791141   -7.07983289
    1.22368000  -13.48635262   -3.02737277
    1.22368000  -13.86063156   -3.60705766
    1.22368000  -14.23394034   -2.76103234
    1.22482000  -13.63627817    2.33641815
    1.22482000  -14.01005251    1.70904747
    1.22482000  -14.38398172    2.62427420
    1.22600000  -13.79639147    8.40163522
    1.22600000  -14.16947332    7.70994108
    1.22600000  -14.54427434    8.71885584
    1.22705000  -13.94451041   14.38336570
    1.22705000  -14.31674992   13.61386333
    1.22705000  -14.69263741   14.73654831
    1.22790000  -14.06977691   19.77942145
    1.22790000  -14.44107956   18.92302851
    1.22790000  -14.81820353   20.17326901
    1.20960000  -11.65105555  -19.57519266
    1.20960000  -12.02640244  -20.04461169
    1.20960000  -12.39854634  -19.35738973
    1.21060000  -11.77386276  -15.79349693
    1.21060000  -12.14902091  -16.28433624
    1.21060000  -12.52137050  -15.56643336
    1.21165000  -11.90452954  -11.63006909
    1.21165000  -12.27944641  -12.14680768
    1.21165000  -12.65206837  -11.39168609
    1.21270000  -12.03728307   -7.23628385
    1.21270000  -12.41190339   -7.78343683
    1.21270000  -12.78487023   -6.98446488
    1.21365000  -12.15954847   -3.02598295
    1.21365000  -12.53383946   -3.60580063
    1.21365000  -12.90719886   -2.75958990
    1.21480000  -12.31092689    2.43464352
    1.21480000  -12.68471502    1.80619993
    1.21480000  -13.05868855    2.72296103
    1.21595000  -12.46702331    8.40020418
    1.21595000  -12.84014528    7.70839675
    1.21595000  -13.21495382    8.71743123
    1.21705000  -12.62228463   14.73976167
    1.21705000  -12.99452980   13.96493826
    1.21705000  -13.37046709   15.09535193
    1.21785000  -12.74023722   19.88486986
    1.21785000  -13.11160412   19.02646153
    1.21785000  -13.48869990   20.27958021
    1.19980000  -10.35316555  -19.45057589
    1.19980000  -10.72850210  -19.92077331
    1.19980000  -11.10075375  -19.23238992
    1.20080000  -10.47629571  -15.63056087
    1.20080000  -10.85144468  -16.12247247
    1.20080000  -11.22389604  -15.40299582
    1.20180000  -10.60100823  -11.62791509
    1.20180000  -10.97592965  -12.14477963
    1.20180000  -11.34863330  -11.38945489
    1.20280000  -10.72758950   -7.41288621
    1.20280000  -11.10223363   -7.95886576
    1.20280000  -11.47525511   -7.16158040
    1.20378000  -10.85380808   -3.03881186
    1.20378000  -11.22811887   -3.61864621
    1.20378000  -11.60153339   -2.77241816
    1.20495000  -11.00796808    2.56841618
    1.20495000  -11.38177344    1.93855169
    1.20495000  -11.75580097    2.85735241
    1.20610000  -11.16422319    8.60022729
    1.20610000  -11.53736737    7.90594247
    1.20610000  -11.91222044    8.91854550
    1.20717000  -11.31529845   14.83496148
    1.20717000  -11.68759744   14.05860978
    1.20717000  -12.06353630   15.19119491
    1.20795000  -11.43018044   19.89872428
    1.20795000  -11.80163566   19.03994414
    1.20795000  -12.17868612   20.29352358
    1.19010000   -9.06896201  -19.54458016
    1.19010000   -9.44430468  -20.01436878
    1.19010000   -9.81665921  -19.32652119
    1.19110000   -9.19233398  -15.69613339
    1.19110000   -9.56749238  -16.18776310
    1.19110000   -9.94003774  -15.46865522
    1.19210000   -9.31726171  -11.66246756
    1.19210000   -9.69219630  -12.17921860
    1.19210000  -10.06498481  -11.42403517
    1.19310000   -9.44403074   -7.41317850
    1.19310000   -9.81869227   -7.95927371
    1.19310000  -10.19178911   -7.16181358
    1.19408000   -9.57040594   -3.00149410
    1.19408000   -9.94473882   -3.58175804
    1.19408000  -10.31821904   -2.73491487
    1.19520000   -9.71803376    2.40577769
    1.19520000  -10.09189183    1.77735731
    1.19520000  -10.46594336    2.69403468
    1.19631000   -9.86864584    8.25185660
    1.19631000  -10.24188421    7.56151735
    1.19631000  -10.61670475    8.56832035
    1.19740000  -10.02214743   14.62340187
    1.19740000  -10.39455222   13.85002109
    1.19740000  -10.77043925   14.97818732
    1.19820000  -10.13966989   19.84587576
    1.19820000  -10.51123155   18.98792285
    1.19820000  -10.88822708   20.24020014
    1.18060000   -7.81064056  -19.46852602
    1.18060000   -8.18598806  -19.93883093
    1.18060000   -8.55845848  -19.25019740
    1.18160000   -7.93432371  -15.58382613
    1.18160000   -8.30948868  -16.07623098
    1.18160000   -8.68214306  -15.35597667
    1.18260000   -8.05954630  -11.51007396
    1.18260000   -8.43448928  -12.02793690
    1.18260000   -8.80738013  -11.27113259
    1.18360000   -8.18659591   -7.21584843
    1.18360000   -8.56126767   -7.76350516
    1.18360000   -8.93446052   -6.96378442
    1.18452000   -8.30541351   -3.03529398
    1.18452000   -8.67978035   -3.61540342
    1.18452000   -9.05332506   -2.76879052
    1.18563000   -8.45179977    2.36499279
    1.18563000   -8.82570444    1.73683692
    1.18563000   -9.19980071    2.65310543
    1.18674000   -8.60240950    8.25757461
    1.18674000   -8.97570549    7.56703691
    1.18674000   -9.35055319    8.57408481
    1.18784000   -8.75727861   14.74801040
    1.18784000   -9.12974553   13.97267521
    1.18784000   -9.50565125   15.10363700
    1.18862000   -8.87176236   19.89035690
    1.18862000   -9.24341898   19.03148080
    1.18862000   -9.62038889   20.28503016
    1.17120000   -6.56586578  -19.58688830
    1.17120000   -6.94123260  -20.05665342
    1.17120000   -7.31381597  -19.36874224
    1.17220000   -6.68979240  -15.67490365
    1.17220000   -7.06498027  -16.16687591
    1.17220000   -7.43773819  -15.44720617
    1.17320000   -6.81522793  -11.57141607
    1.17320000   -7.19019794  -12.08899047
    1.17320000   -7.56318256  -11.33257937
    1.17420000   -6.94245823   -7.24438086
    1.17420000   -7.31716178   -7.79194772
    1.17420000   -7.69043813   -6.99234929
    1.17512000   -7.06141188   -3.03016670
    1.17512000   -7.43581555   -3.61044231
    1.17512000   -7.80943378   -2.76359555
    1.17622000   -7.20658460    2.36556648
    1.17622000   -7.58053784    1.73727597
    1.17622000   -7.95468914    2.65371552
    1.17731000   -7.35446918    8.19643302
    1.17731000   -7.72783610    7.50647361
    1.17731000   -8.10270726    8.51263431
    1.17841000   -7.50919227   14.73542095
    1.17841000   -7.88174714   13.96013898
    1.17841000   -8.25765133   15.09095618
    1.17920000   -7.62499971   19.99063665
    1.17920000   -7.99674801   19.12982873
    1.17920000   -8.37371022   20.38613300
    1.16200000   -5.34690462  -19.50479752
    1.16200000   -5.72228810  -19.97511280
    1.16200000   -6.09499752  -19.28636797
    1.16300000   -5.47115210  -15.55616989
    1.16300000   -5.84635844  -16.04895745
    1.16300000   -6.21923534  -15.32808468
    1.16400000   -5.59689004  -11.41207866
    1.16400000   -5.97188044  -11.93081465
    1.16400000   -6.34497715  -11.17271248
    1.16490000   -5.71156460   -7.48809978
    1.16490000   -6.08631951   -8.03400600
    1.16490000   -6.45966943   -7.23679423
    1.16587000   -5.83707914   -3.01567544
    1.16587000   -6.21152476   -3.59619480
    1.16587000   -6.58522247   -2.74900194
    1.16695000   -5.97970685    2.32398069
    1.16695000   -6.35371816    1.69596088
    1.16695000   -6.72792532    2.61198317
    1.16803000   -6.12621189    8.14380257
    1.16803000   -6.49965416    7.45432085
    1.16803000   -6.87455587    8.45974155
    1.16912000   -6.27936195   14.66873669
    1.16912000   -6.65201761   13.89429915
    1.16912000   -7.02791658   15.02381377
    1.16990000   -6.39344751   19.89042525
    1.16990000   -6.76532692   19.03129934
    1.16990000   -7.14224221   20.28504599
    1.15290000   -4.14137613  -19.59284608
    1.15290000   -4.51678905  -20.06278746
    1.15290000   -4.88962305  -19.37452765
    1.15390000   -4.26588853  -15.61553745
    1.15390000   -4.64112768  -16.10808157
    1.15390000   -5.01411989  -15.38752227
    1.15490000   -4.39186049  -11.44004958
    1.15490000   -4.76688760  -11.95871668
    1.15490000   -5.14009003  -11.20069221
    1.15580000   -4.50671790   -7.48490779
    1.15580000   -4.88151354   -8.03095732
    1.15580000   -5.25496021   -7.23353069
    1.15676000   -4.63109150   -3.02290628
    1.15676000   -5.00558631   -3.60349127
    1.15676000   -5.37936668   -2.75620993
    1.15785000   -4.77517134    2.41298186
    1.15785000   -5.14923482    1.78397441
    1.15785000   -5.52351666    2.70140603
    1.15893000   -4.92177842    8.29086767
    1.15893000   -5.29528034    7.59954329
    1.15893000   -5.67024420    8.60760538
    1.16000000   -5.07212043   14.76143642
    1.16000000   -5.44486094   13.98550863
    1.16000000   -5.82078774   15.11713868
    1.16075000   -5.18165011   19.82375705
    1.16075000   -5.55365969   18.96570353
    1.16075000   -5.93054210   20.21778961
    1.14400000   -2.96162044  -19.44991368
    1.14400000   -3.33705904  -19.92073777
    1.14400000   -3.71003029  -19.23117085
    1.14490000   -3.07393426  -15.84324116
    1.14490000   -3.44921929  -16.33454456
    1.14490000   -3.82232482  -15.61572534
    1.14590000   -3.20008124  -11.64524297
    1.14590000   -3.57515988  -12.16267856
    1.14590000   -3.94846356  -11.40640120
    1.14680000   -3.31505611   -7.66827860
    1.14680000   -3.68990930   -8.21311607
    1.14680000   -4.06344547   -7.41742716
    1.14779000   -3.44343122   -3.03613486
    1.14779000   -3.81798107   -3.61673663
    1.14779000   -4.19184856   -2.76943732
    1.14886000   -3.58494621    2.33931958
    1.14886000   -3.95908136    1.71089140
    1.14886000   -4.33342609    2.62745829
    1.14992000   -3.72877149    8.14411531
    1.14992000   -4.10236924    7.45436255
    1.14992000   -4.47736219    8.46009126
    1.15099000   -3.87888623   14.65115048
    1.15099000   -4.25174346   13.87670469
    1.15099000   -4.62766912   15.00609981
    1.15175000   -3.98964534   19.81549643
    1.15175000   -4.36178071   18.95746550
    1.15175000   -4.73864843   20.20943436
    1.13520000   -1.79520728  -19.45289817
    1.13520000   -2.17068285  -19.92381180
    1.13520000   -2.54379085  -19.23406922
    1.13610000   -1.90779421  -15.81685214
    1.13610000   -2.28311864  -16.30842233
    1.13610000   -2.65635326  -15.58918555
    1.13710000   -2.03421807  -11.58299775
    1.13710000   -2.40933919  -12.10095732
    1.13710000   -2.78276335  -11.34390571
    1.13800000   -2.14941773   -7.57013577
    1.13800000   -2.52431655   -8.11580661
    1.13800000   -2.89796533   -7.31890854
    1.13896000   -2.27408352   -3.03962783
    1.13896000   -2.64869297   -3.62032690
    1.13896000   -3.02265314   -2.77289316
    1.14003000   -2.41571633    2.38006750
    1.14003000   -2.78991872    1.75111570
    1.14003000   -3.16434263    2.66841831
    1.14109000   -2.55960193    8.23723355
    1.14109000   -2.93327613    7.54626511
    1.14109000   -3.30833343    8.55372126
    1.14216000   -2.70971538   14.81063309
    1.14216000   -3.08266030   14.03371681
    1.14216000   -3.45863381   15.16666157
    1.14290000   -2.81746731   19.89067049
    1.14290000   -3.18972103   19.03116405
    1.14290000   -3.56659585   20.28521703
    1.12650000   -0.64206869  -19.59277903
    1.12650000   -1.01759159  -20.06303757
    1.12650000   -1.39083699  -19.37418020
    1.12750000   -0.76749429  -15.51682109
    1.12750000   -1.14285145  -16.01028596
    1.12750000   -1.51622970  -15.28830412
    1.12840000   -0.88154660  -11.67114076
    1.12840000   -1.25672311  -12.18863905
    1.12840000   -1.63026477  -11.43222744
    1.12935000   -1.00337034   -7.39950009
    1.12935000   -1.37831603   -7.94653575
    1.12935000   -1.75208574   -7.14766381
    1.13027000   -1.12303649   -3.01763864
    1.13027000   -1.49770896   -3.59864506
    1.13027000   -1.87176830   -2.75077336
    1.13133000   -1.26346312    2.39527310
    1.13133000   -1.63774007    1.76604317
    1.13133000   -2.01224518    2.68372530
    1.13239000   -1.40738847    8.30238550
    1.13239000   -1.78114739    7.61052367
    1.13239000   -2.15626979    8.61923751
    1.13344000   -1.55460766   14.80713593
    1.13344000   -1.92766603   14.03013749
    1.13344000   -2.30366565   15.16313669
    1.13418000   -1.66218610   19.92865364
    1.13418000   -2.03456922   19.06833763
    1.13418000   -2.41144815   20.32349616
    1.11800000    0.48534244  -19.45890707
    1.11800000    0.10977746  -19.93000087
    1.11800000   -0.26361730  -19.23990560
    1.11890000    0.37219804  -15.76403881
    1.11890000   -0.00322081  -16.25614462
    1.11890000   -0.37672653  -15.53607049
    1.11990000    0.24521171  -11.45829406
    1.11990000   -0.13001022  -11.97730661
    1.11990000   -0.50368780  -11.21870044
    1.12080000    0.12955867   -7.37334747
    1.12080000   -0.24544757   -7.92069619
    1.12080000   -0.61933353   -7.12136534
    1.12171000    0.01103125   -3.00388570
    1.12171000   -0.36370984   -3.58513219
    1.12171000   -0.73787209   -2.73691981
    1.12276000   -0.12818282    2.40074133
    1.12276000   -0.50254010    1.77132675
    1.12276000   -0.87712999    2.68925281
    1.12380000   -0.26938519    8.23895458
    1.12380000   -0.64324613    7.54769614
    1.12380000   -1.01842315    8.55548801
    1.12485000   -0.41645464   14.78958273
    1.12485000   -0.78963293   14.01270823
    1.12485000   -1.16566138   15.14546055
    1.12558000   -0.52236819   19.87755199
    1.12558000   -0.89489831   19.01802867
    1.12558000   -1.27176932   20.27193910
    1.10960000    1.59953481  -19.43756181
    1.10960000    1.22391855  -19.90887911
    1.10960000    0.85037346  -19.21841767
    1.11060000    1.47343413  -15.28800924
    1.11060000    1.09797927  -15.78306752
    1.11060000    0.72431711  -15.05873856
    1.11150000    1.35881929  -11.36900135
    1.11150000    0.98354063  -11.88871989
    1.11150000    0.60972921  -11.12907956
    1.11240000    1.24292853   -7.24639685
    1.11240000    0.86786236   -7.79479763
    1.11240000    0.49385054   -6.99394447
    1.11327000    1.12944417   -3.03363059
    1.11327000    0.75462682   -3.61475946
    1.11327000    0.38036031   -2.76672295
    1.11432000    0.99012674    2.41230746
    1.11432000    0.61568475    1.78264902
    1.11432000    0.24100521    2.70090489
    1.11535000    0.85026665    8.23982282
    1.11535000    0.47630510    7.54841877
    1.11535000    0.10106143    8.55637956
    1.11641000    0.70186699   14.91132337
    1.11641000    0.32857988   14.13252272
    1.11641000   -0.04750220   15.26802719
    1.11713000    0.59751555   19.97966636
    1.11713000    0.22485492   19.11817792
    1.11713000   -0.15204091   20.37489135    
    1.10130000    2.70056183  -19.51977957
    1.10130000    2.32488587  -19.99075607
    1.10130000    1.95118864  -19.30073162
    1.10230000    2.57416577  -15.34125363
    1.10230000    2.19864765  -15.83610541
    1.10230000    1.82484330  -15.11203731
    1.10320000    2.45931782  -11.39370410
    1.10320000    2.08397212  -11.91337748
    1.10320000    1.71002781  -11.15378059
    1.10410000    2.34322727   -7.23962356
    1.10410000    1.96808962   -7.78819687
    1.10410000    1.59395467   -6.98708761
    1.10497000    2.22958408   -2.99287147
    1.10497000    1.85469020   -3.57446347
    1.10497000    1.48031054   -2.72576424
    1.10600000    2.09280805    2.39137337
    1.10600000    1.71827425    1.76178434
    1.10600000    1.34350352    2.67991596
    1.10703000    1.95293581    8.26391741
    1.10703000    1.57887103    7.57209713
    1.10703000    1.20355392    8.58062081
    1.10806000    1.80889184   14.79066604
    1.10806000    1.43546401   14.01350677
    1.10806000    1.05935861   15.14654511
    1.10879000    1.70333198   19.96141984
    1.10879000    1.33051965   19.10013350
    1.10879000    0.95361638   20.35646665
    1.09320000    3.77585269  -19.28500040
    1.09320000    3.40012334  -19.75736712
    1.09320000    3.02626372  -19.06531695
    1.09410000    3.66179933  -15.49347764
    1.09410000    3.28620954  -15.98753148
    1.09410000    2.91226150  -15.26456854
    1.09500000    3.54674225  -11.52232828
    1.09500000    3.17132027  -12.04127255
    1.09500000    2.79724283  -11.28269925
    1.09585000    3.43697721   -7.58081239
    1.09585000    3.06174548   -8.12701599
    1.09585000    2.68750018   -7.32930697
    1.09678000    3.31540243   -3.01775799
    1.09678000    2.94042340   -3.59927289
    1.09678000    2.56593075   -2.75069085
    1.09780000    3.17986237    2.35256863
    1.09780000    2.80523107    1.72322087
    1.09780000    2.43036626    2.64097942
    1.09881000    3.04273985    8.14786634
    1.09881000    2.66855534    7.45725838
    1.09881000    2.29317488    8.46397511
    1.09983000    2.90030753   14.64520076
    1.09983000    2.52673289   13.87003679
    1.09983000    2.15060177   15.00009273
    1.10055000    2.79649482   19.76622347
    1.10055000    2.42350441   18.90831355
    1.10055000    2.04661817   20.15960593
    1.08510000    4.85065673  -19.54417567
    1.08510000    4.47485265  -20.01523494
    1.08510000    4.10083597  -19.32499633
    1.08610000    4.72361595  -15.30070964
    1.08610000    4.34796359  -15.79603123
    1.08610000    3.97385844  -15.07122355
    1.08700000    4.60824950  -11.28870700
    1.08700000    4.23276305  -11.80931070
    1.08700000    3.85853518  -11.04833776
    1.08780000    4.50471772   -7.54417557
    1.08780000    4.12940746   -8.09076887
    1.08780000    3.75502881   -7.29249055
    1.08872000    4.38427475   -2.99386666
    1.08872000    4.00920903   -3.57570649
    1.08872000    3.63459646   -2.72666137
    1.08972000    4.25128986    2.31052513
    1.08972000    3.87655660    1.68144915
    1.08972000    3.50159364    2.59879075
    1.09072000    4.11554151    8.08722033
    1.09072000    3.74123810    7.39717860
    1.09072000    3.36578384    8.40302926
    1.09172000    3.97609023   14.49310798
    1.09172000    3.60236496   13.72002344
    1.09172000    3.22620310   14.84697543
    1.09248000    3.86670724   19.94057480
    1.09248000    3.49358082   19.07940924
    1.09248000    3.11664616   20.33539892
    1.07720000    5.89973916  -19.46193103
    1.07720000    5.52386746  -19.93354703
    1.07720000    5.14968401  -19.24246895
    1.07810000    5.78513434  -15.61901799
    1.07810000    5.40939558  -16.11254933
    1.07810000    5.03514226  -15.39026205
    1.07900000    5.66959380  -11.59185931
    1.07900000    5.29401500  -12.11058332
    1.07900000    4.91965162  -11.35228160
    1.07980000    5.56595061   -7.83328257
    1.07980000    5.19054167   -8.37790162
    1.07980000    4.81603977   -7.58245135
    1.08077000    5.43884139   -3.00938383
    1.08077000    5.06368238   -3.59122421
    1.08077000    4.68894834   -2.74218405
    1.08176000    5.30708968    2.27985348
    1.08176000    4.93225111    1.65093925
    1.08176000    4.55718501    2.56802359
    1.08274000    5.17408078    7.97723255
    1.08274000    4.79965070    7.28832488
    1.08274000    4.42412269    8.29248416
    1.08373000    5.03621959   14.35238139
    1.08373000    4.66234177   13.58119912
    1.08373000    4.28614204   14.70530758
    1.08450000    4.92566362   19.90285520
    1.08450000    4.55237082   19.04224038
    1.08450000    4.17541802   20.29733886
    1.06940000    6.93575342  -19.44060063
    1.06940000    6.55980780  -19.91244173
    1.06940000    6.18545503  -19.22099586
    1.07030000    6.82084123  -15.56699011
    1.07030000    6.44502590  -16.06094535
    1.07030000    6.07061164  -15.33801813
    1.07120000    6.70502394  -11.50602100
    1.07120000    6.32936543  -12.02542815
    1.07120000    5.95484967  -11.26612615
    1.07200000    6.60116196   -7.71412546
    1.07200000    6.22567004   -8.25973049
    1.07200000    5.85102359   -7.46285387
    1.07294000    6.47778877   -3.00012758
    1.07294000    6.10253367   -3.58217286
    1.07294000    5.72767303   -2.73284284
    1.07391000    6.34860347    2.21917141
    1.07391000    5.97365366    1.59070667
    1.07391000    5.59848242    2.50711738
    1.07488000    6.21697453    7.89405778
    1.07488000    5.84241630    7.20597114
    1.07488000    5.46680739    8.20889511
    1.07585000    6.08208994   14.17223474
    1.07585000    5.70805295   13.40350955
    1.07585000    5.33181437   14.52396533
    1.07665000    5.96748027   19.97553877
    1.07665000    5.59402968   19.11348767
    1.07665000    5.21703802   20.37061194
    1.06170000    7.95873013  -19.47112646
    1.06170000    7.58270483  -19.94290973
    1.06170000    7.20817980  -19.25149804
    1.06260000    7.84351833  -15.56917944
    1.06260000    7.46762030  -16.06323551
    1.06260000    7.09304277  -15.34012934
    1.06350000    7.72743559  -11.47710726
    1.06350000    7.35169078  -11.99682386
    1.06350000    6.97702105  -11.23705698
    1.06426000    7.62859413   -7.85035875
    1.06426000    7.25300328   -8.39510105
    1.06426000    6.87821862   -7.59945370
    1.06522000    7.50244069   -3.00476503
    1.06522000    7.12708467   -3.58690093
    1.06522000    6.75209452   -2.73744584
    1.06618000    7.37448619    2.19824209
    1.06618000    6.99942378    1.56984451
    1.06618000    6.62414075    2.48613549
    1.06713000    7.24558647    7.79189877
    1.06713000    6.87089519    7.10484800
    1.06713000    6.49520250    8.10622506
    1.06809000    7.11227000   14.03822988
    1.06809000    6.73807532   13.27128595
    1.06809000    6.36178705   14.38907789
    1.06890000    6.99650180   19.94783957
    1.06890000    6.62287810   19.08615932
    1.06890000    6.24585856   20.34265683
    1.05410000    8.96869549  -19.54435068
    1.05410000    8.59258528  -20.01584346
    1.05410000    8.21788470  -19.32479604
    1.05500000    8.85318848  -15.61605179
    1.05500000    8.47720224  -16.10994227
    1.05500000    8.10245866  -15.38703688
    1.05590000    8.73684772  -11.49515651
    1.05590000    8.36101071  -12.01487344
    1.05590000    7.98618485  -11.25508419
    1.05667000    8.63651140   -7.79243317
    1.05667000    8.26082649   -8.33771812
    1.05667000    7.88589286   -7.54128160
    1.05761000    8.51280074   -3.01090857
    1.05761000    8.13733977   -3.59312286
    1.05761000    7.76221663   -2.74356027
    1.05855000    8.38742296    2.11815154
    1.05855000    8.01224064    1.49038760
    1.05855000    7.63684567    2.40573927
    1.05950000    8.25853686    7.74747425
    1.05950000    7.88371319    7.06079516
    1.05950000    7.50792767    8.06159140
    1.06044000    8.12815424   13.89859413
    1.06044000    7.75379854   13.13350157
    1.06044000    7.37745601   14.24852860
    1.06125000    8.01268524   19.83659532
    1.06125000    7.63887638   18.97678456
    1.06125000    7.26183588   20.23045661
    1.04660000    9.96567162  -19.65106473
    1.04660000    9.58947179  -20.12208540
    1.04660000    9.21459212  -19.43165945
    1.04750000    9.84987074  -15.69800234
    1.04750000    9.47379135  -16.19151868
    1.04750000    9.09887859  -15.46911090
    1.04840000    9.73327580  -11.55011071
    1.04840000    9.35734138  -12.06958523
    1.04840000    8.98235674  -11.31012073
    1.04918000    9.63144579   -7.77246913
    1.04918000    9.25566119   -8.31802253
    1.04918000    8.88057666   -7.52119070
    1.05011000    9.50887059   -3.00616155
    1.05011000    9.13330137   -3.58854415
    1.05011000    8.75804130   -2.73874442
    1.05104000    9.38472291    2.10532493
    1.05104000    9.00942100    1.47754978
    1.05104000    8.63390621    2.39289568
    1.05197000    9.25855842    7.65170334
    1.05197000    8.88359542    6.96598133
    1.05197000    8.50771699    7.96534661
    1.05290000    9.12972568   13.76964356
    1.05290000    8.75520710   13.00624082
    1.05290000    8.37880416   14.11874009
    1.05373000    9.01165873   19.89415829
    1.05373000    8.63767840   19.03318627
    1.05373000    8.26059031   20.28848043
    1.03920000   10.94967686  -19.78204906
    1.03920000   10.57338314  -20.25246718
    1.03920000   10.19832067  -19.56284695
    1.04015000   10.82711035  -15.57897471
    1.04015000   10.45094055  -16.07331508
    1.04015000   10.07585287  -15.34969808
    1.04100000   10.71673227  -11.63186825
    1.04100000   10.34069584  -12.15092479
    1.04100000    9.96554937  -11.39203571
    1.04180000   10.61209360   -7.72994873
    1.04180000   10.23620639   -8.27593442
    1.04180000    9.86096714   -7.47847232
    1.04271000   10.49197740   -3.03147285
    1.04271000   10.11629475   -3.61377620
    1.04271000    9.74089564   -2.76409598
    1.04363000   10.36907149    2.05929185
    1.04363000    9.99364451    1.43182279
    1.04363000    9.61800822    2.34670410
    1.04455000   10.24427181    7.58080856
    1.04455000    9.86916788    6.89575705
    1.04455000    9.49319056    7.89410842
    1.04547000   10.11696995   13.66755115
    1.04547000    9.74228782   12.90545135
    1.04547000    9.36581713   14.01598868
    1.04630000    9.99918444   19.82585444
    1.04630000    9.62501687   18.96597835
    1.04630000    9.24789346   20.21958316
    1.03200000   11.90782356  -19.49266020
    1.03200000   11.53144365  -19.96476308
    1.03200000   11.15619488  -19.27270563
    1.03290000   11.79135710  -15.47251566
    1.03290000   11.41509257  -15.96760722
    1.03290000   11.03982746  -15.24288536
    1.03370000   11.68722669  -11.73032425
    1.03370000   11.31108422  -12.24885439
    1.03370000   10.93577258  -11.49069513
    1.03452000   11.57977015   -7.70360518
    1.03452000   11.20377592   -8.24990626
    1.03452000   10.82837937   -7.45198180
    1.03542000   11.46079497   -3.02184863
    1.03542000   11.08499691   -3.60436073
    1.03542000   10.70945407   -2.75438504
    1.03633000   11.33912004    2.05010124
    1.03633000   10.96356648    1.42258582
    1.03633000   10.58780323    2.33751257
    1.03723000   11.21703741    7.48612504
    1.03723000   10.84178791    6.80201208
    1.03723000   10.46570936    7.79896086
    1.03814000   11.09127274   13.53810544
    1.03814000   10.71642227   12.77768636
    1.03814000   10.33988175   13.88571150
    1.03899000   10.97091027   19.88565091
    1.03899000   10.59656378   19.02457390
    1.03899000   10.21938596   20.27985892
    1.02480000   12.86589161  -19.64220520
    1.02480000   12.48941011  -20.11360208
    1.02480000   12.11397209  -19.42249690
    1.02570000   12.74912532  -15.59937425
    1.02570000   12.37275535  -16.09382205
    1.02570000   11.99731161  -15.36998142
    1.02650000   12.64476597  -11.83539798
    1.02650000   12.26851393  -12.35335991
    1.02650000   11.89303360  -11.59598953
    1.02734000   12.53447985   -7.68288624
    1.02734000   12.15837474   -8.22946218
    1.02734000   11.78281805   -7.43113366
    1.02823000   12.41665004   -3.01898720
    1.02823000   12.04073270   -3.60165245
    1.02823000   11.66504326   -2.75146140
    1.02912000   12.29755641    1.97454408
    1.02912000   11.92186951    1.34761547
    1.02912000   11.54597914    2.26167237
    1.03002000   12.17547862    7.44449084
    1.03002000   11.80008364    6.76071244
    1.03002000   11.42389654    7.75713630
    1.03091000   12.05261660   13.39619078
    1.03091000   11.67759442   12.63761737
    1.03091000   11.30098044   13.74289095
    1.03177500   11.93041412   19.89310525
    1.03177500   11.55588040   19.03176539
    1.03177500   11.17865113   20.28735461
    1.01770000   13.81102135  -19.78853668
    1.01770000   13.43443512  -20.25924743
    1.01770000   13.05880417  -19.56906530
    1.01860000   13.69394821  -15.72291888
    1.01860000   13.31746969  -16.21674468
    1.01860000   12.94184368  -15.49375343
    1.01938000   13.59197621  -12.03386427
    1.01938000   13.21560841  -12.55065129
    1.01938000   12.83995685  -11.79493536
    1.02026000   13.47622470   -7.65721416
    1.02026000   13.10000536   -8.20410118
    1.02026000   12.72428550   -7.40531678
    1.02114000   13.35954194   -3.01161465
    1.02114000   12.98350203   -3.59447034
    1.02114000   12.60766281   -2.74401022
    1.02202000   13.24168401    1.96089300
    1.02202000   12.86586358    1.33396019
    1.02202000   12.48983980    2.24800201
    1.02290000   13.12232196    7.34247254
    1.02290000   12.74677501    6.65971062
    1.02290000   12.37047936    7.65462012
    1.02378000   13.00098642   13.25656300
    1.02378000   12.62579034   12.49979304
    1.02378000   12.24909806   13.60237797
    1.02466000   12.87695241   19.90446709
    1.02466000   12.50222837   19.04279411
    1.02466000   12.12494397   20.29879065
    1.01075000   14.73670829  -19.70033431
    1.01075000   14.36001978  -20.17163398
    1.01075000   13.98419413  -19.48056903
    1.01160000   14.62582862  -15.83360105
    1.01160000   14.24923877  -16.32688316
    1.01160000   13.87342697  -15.60462910
    1.01241000   14.51967967  -11.97652540
    1.01241000   14.14320106  -12.49380514
    1.01241000   13.76737217  -11.73736197
    1.01328000   14.40500438   -7.61598602
    1.01328000   14.02866789   -8.16329761
    1.01328000   13.65278178   -7.36389481
    1.01415000   14.28946838   -2.98844142
    1.01415000   13.91330315   -3.57161803
    1.01415000   13.53731075   -2.72070110
    1.01501000   14.17419160    1.90438118
    1.01501000   13.79823244    1.27785213
    1.01501000   13.42207384    2.19128952
    1.01588000   14.05619112    7.25643100
    1.01588000   13.68049029    6.57450182
    1.01588000   13.30408135    7.56816443
    1.01675000   13.93636936   13.13383724
    1.01675000   13.56099812   12.37862742
    1.01675000   13.18422179   13.47887972
    1.01762000   13.81406598   19.73320367
    1.01762000   13.43913486   18.87446554
    1.01762000   13.06180974   20.12607811
    1.00390000   15.64942166  -19.58758250
    1.00390000   15.27262797  -20.05960623
    1.00390000   14.89660546  -19.36746772
    1.00470000   15.54476626  -15.92190845
    1.00470000   15.16806262  -16.41478101
    1.00470000   14.79206169  -15.69307274
    1.00553000   15.43573197  -11.94285096
    1.00553000   15.05913841  -12.46046976
    1.00553000   14.68312979  -11.70351898
    1.00639000   15.32214138   -7.60051559
    1.00639000   14.94568350   -8.14806456
    1.00639000   14.56962887   -7.34831182
    1.00725000   15.20776087   -2.99347775
    1.00725000   14.83146590   -3.57674262
    1.00725000   14.45531828   -2.72570373
    1.00810000   15.09372720    1.87536510
    1.00810000   14.71762748    1.24897762
    1.00810000   14.34132973    2.16218975
    1.00896000   14.97707839    7.19949655
    1.00896000   14.60122234    6.51807031
    1.00896000   14.22469497    7.51096517
    1.00982000   14.85875454   13.04251571
    1.00982000   14.48320762   12.28842649
    1.00982000   14.10634088   13.38698789
    1.01067000   14.73957477   19.51547001
    1.01067000   14.36443189   18.66046601
    1.01067000   13.98706479   19.90652516
    0.99715000   16.54915712  -19.44099279
    0.99715000   16.17225560  -19.91392768
    0.99715000   15.79603438  -19.22045153
    0.99791000   16.44944357  -15.93122059
    0.99791000   16.07262508  -16.42415252
    0.99791000   15.69643222  -15.70232335
    0.99875000   16.33881791  -11.87436155
    0.99875000   15.96210711  -12.39254716
    0.99875000   15.58591602  -11.63476407
    0.99960000   16.22631070   -7.54897381
    0.99960000   15.84972933   -8.09702330
    0.99960000   15.47350303   -7.29654375
    1.00044000   16.11441895   -3.01657867
    1.00044000   15.73799043   -3.59978283
    1.00044000   15.36168514   -2.74883622
    1.00129000   16.00028460    1.88594997
    1.00129000   15.62404288    1.25932742
    1.00129000   15.24760163    2.17285848
    1.00213000   15.88634091    7.11974902
    1.00213000   15.51032578    6.43908040
    1.00213000   15.13367768    7.43083859
    1.00298000   15.76951820   12.92506311
    1.00298000   15.39379171   12.17244832
    1.00298000   15.01683233   13.26880408
    1.00382000   15.65203932   19.34827596
    1.00382000   15.27668689   18.49608497
    1.00382000   14.89926777   19.73794300
    0.99039000   17.45036035  -19.75223238
    0.99039000   17.07333782  -20.22357889
    0.99039000   16.69690943  -19.53230089
    0.99123000   17.33984310  -15.85098046
    0.99123000   16.96290879  -16.34450337
    0.99123000   16.58652190  -15.62179830
    0.99206000   17.23025354  -11.81080584
    0.99206000   16.85342207  -12.32952691
    0.99206000   16.47704616  -11.57095660
    0.99289000   17.12016535   -7.55611089
    0.99289000   16.74345544   -8.10423319
    0.99289000   16.36705561   -7.30363968
    0.99373000   17.00810213   -2.99151737
    0.99373000   16.63153869   -3.57505820
    0.99373000   16.25507191   -2.72363224
    0.99456000   16.89655631    1.82783229
    0.99456000   16.52016685    1.20162758
    0.99456000   16.14358143    2.11453480
    0.99539000   16.78396985    7.02910888
    0.99539000   16.40779253    6.34931740
    0.99539000   16.03102070    7.33976628
    0.99623000   16.66864608   12.79472967
    0.99623000   16.29273719   12.04375797
    0.99623000   15.91568187   13.13766346
    0.99706000   16.55286127   19.16569203
    0.99706000   16.17729698   18.31656126
    0.99706000   15.79982190   19.55385797
    0.98381000   18.32811316  -19.65199138
    0.98381000   17.95097553  -20.12399355
    0.98381000   17.57434280  -19.43173978
    0.98463000   18.21990808  -15.81403310
    0.98463000   17.84285375  -16.30789046
    0.98463000   17.46627023  -15.58467419
    0.98546000   18.11003850  -11.74314730
    0.98546000   17.73308327  -12.26243158
    0.98546000   17.35652027  -11.50303485
    0.98628000   18.00104630   -7.50734083
    0.98628000   17.62420647   -8.05594408
    0.98628000   17.24763003   -7.25465221
    0.98710000   17.89148273   -3.01990192
    0.98710000   17.51477954   -3.60333843
    0.98710000   17.13814965   -2.75206726
    0.98793000   17.77983812    1.83193469
    0.98793000   17.40330042    1.20555661
    0.98793000   17.02656609    2.11869387
    0.98875000   17.66859348    7.00519492
    0.98875000   17.29225420    6.32553300
    0.98875000   16.91535265    7.31575701
    0.98957000   17.55612580   12.66466546
    0.98957000   17.18003247   11.91532471
    0.98957000   16.80287713   13.00679883
    0.99039000   17.44202271   18.98266161
    0.99039000   17.06624532   18.13657433
    0.99039000   16.68870912   19.36933636
    0.97732000   19.19420186  -19.53843801
    0.97732000   18.81694625  -20.01117012
    0.97732000   18.44010736  -19.31783620
    0.97813000   19.08699698  -15.71635907
    0.97813000   18.70982093  -16.21091307
    0.97813000   18.33303911  -15.48667176
    0.97894000   18.97949935  -11.71298219
    0.97894000   18.60241632  -12.23258433
    0.97894000   18.22566387  -11.47271131
    0.97975000   18.87161232   -7.49889941
    0.97975000   18.49463838   -8.04768929
    0.97975000   18.11788322   -7.24612061
    0.98057000   18.76187727   -2.97901806
    0.98057000   18.38503362   -3.56292196
    0.98057000   18.00823691   -2.71098367
    0.98138000   18.65282406    1.78836363
    0.98138000   18.27613357    1.16226467
    0.98138000   17.89924884    2.07497894
    0.98219000   18.54293107    6.92868586
    0.98219000   18.16642508    6.24973992
    0.98219000   17.78939275    7.23888936
    0.98300000   18.43194672   12.54790652
    0.98300000   18.05566757   11.80000860
    0.98300000   17.67840762   12.88932643
    0.98381000   18.31950942   18.81391345
    0.98381000   17.94351847   17.97060040
    0.98381000   17.56591519   19.19922402
    0.97091000   20.04994751  -19.44978525
    0.97091000   19.67257037  -19.92311268
    0.97091000   19.29552287  -19.22888942
    0.97171000   19.94375133  -15.64539875
    0.97171000   19.56644990  -16.14049130
    0.97171000   19.18946743  -15.41544983
    0.97251000   19.83730781  -11.66130568
    0.97251000   19.46009454  -12.18136731
    0.97251000   19.08315046  -11.42081637
    0.97331000   19.73052809   -7.46848857
    0.97331000   19.35341772   -8.01762578
    0.97331000   18.97648134   -7.21555040
    0.97411000   19.62330566   -3.02926018
    0.97411000   19.24631594   -3.61287927
    0.97411000   18.86935111   -2.76135493
    0.97492000   19.51415780    1.76821885
    0.97492000   19.13731262    1.14217655
    0.97492000   18.76027418    2.05478913
    0.97572000   19.40561104    6.87675451
    0.97572000   19.02893679    6.19824918
    0.97572000   18.65176976    7.18672367
    0.97652000   19.29609984   12.45739240
    0.97652000   18.91963390   11.71057734
    0.97652000   18.54226448   12.79826391
    0.97732000   19.18531058   18.67398674
    0.97732000   18.80910614   17.83293605
    0.97732000   18.43142934   19.05817227