9.506e-007 0 0
9.512e-007 0 0
9.518e-007 0 0
9.524e-007 0 0
9.5301e-007 0 0
9.5361e-007 0 0
9.5421e-007 0 0
9.5482e-007 0 0
9.5542e-007 0 0
9.5603e-007 0 0
9.5664e-007 0 0
9.5725e-007 0 0
9.5785e-007 0 0
9.5846e-007 0 0
9.5907e-007 0 0
9.5968e-007 0 0
9.6029e-007 0 0
9.6091e-007 0 0
9.6152e-007 0 0
9.6213e-007 0 0
9.6275e-007 0 0
9.6336e-007 0 0
9.6397e-007 0 0
9.6459e-007 0 0
9.6521e-007 0 0
9.6582e-007 0 0
9.6644e-007 0 0
9.6706e-007 0 0
9.6768e-007 0 0
9.683e-007 0 0
9.6892e-007 0 0
9.6954e-007 0 0
9.7017e-007 0 0
9.7079e-007 0 0
9.7141e-007 0 0
9.7204e-007 0 0
9.7266e-007 0 0
9.7329e-007 0 0
9.7392e-007 0 0
9.7454e-007 0 0
9.7517e-007 0 0
9.758e-007 0 0
9.7643e-007 0 0
9.7706e-007 0 0
9.7769e-007 0 0
9.7832e-007 0 0
9.7895e-007 0 0
9.7959e-007 0 0
9.8022e-007 0 0
9.8086e-007 0 0
9.8149e-007 0 0
9.8213e-007 0 0
9.8276e-007 0 0
9.834e-007 0 0
9.8404e-007 0 0
9.8468e-007 0 0
9.8532e-007 0 0
9.8596e-007 0 0
9.866e-007 0 0
9.8724e-007 0 0
9.8788e-007 0 0
9.8853e-007 0 0
9.8917e-007 0 0
9.8982e-007 0 0
9.9046e-007 0 0
9.9111e-007 0 0
9.9175e-007 0 0
9.924e-007 0 0
9.9305e-007 0 0
9.937e-007 0 0
9.9435e-007 0 0
9.95e-007 0 0
9.9565e-007 0 0
9.963e-007 0 0
9.9696e-007 0 0
9.9761e-007 0 0
9.9826e-007 0 0
9.9892e-007 0 0
9.9958e-007 0 0
1.0002e-006 0 0
1.0009e-006 0 0
1.0015e-006 0 0
1.0022e-006 0 0
1.0029e-006 0 0
1.0035e-006 0 0
1.0042e-006 0 0
1.0049e-006 0 0
1.0055e-006 0 0
1.0062e-006 0 0
1.0068e-006 0 0
1.0075e-006 0 0
1.0082e-006 0 0
1.0088e-006 0 0
1.0095e-006 0 0
1.0102e-006 0 0
1.0108e-006 0 0
1.0115e-006 0 0
1.0122e-006 0 0
1.0129e-006 0 0
1.0135e-006 0 0
1.0142e-006 0 0
1.0149e-006 0 0
1.0155e-006 0 0
1.0162e-006 0 0
1.0169e-006 0 0
1.0176e-006 0 0
1.0182e-006 0 0
1.0189e-006 0 0
1.0196e-006 0 0
1.0203e-006 0 0
1.021e-006 0 0
1.0216e-006 0 0
1.0223e-006 0 0
1.023e-006 0 0
1.0237e-006 0 0
1.0244e-006 0 0
1.0251e-006 0 0
1.0257e-006 0 0
1.0264e-006 0 0
1.0271e-006 0 0
1.0278e-006 0 0
1.0285e-006 0 0
1.0292e-006 0 0
1.0299e-006 0 0
1.0306e-006 0 0
1.0313e-006 0 0
1.032e-006 0 0
1.0327e-006 0 0
1.0333e-006 0 0
1.034e-006 0 0
1.0347e-006 0 0
1.0354e-006 0 0
1.0361e-006 0 0
1.0368e-006 0 0
1.0375e-006 0 0
1.0382e-006 0 0
1.0389e-006 0 0
1.0396e-006 0 0
1.0403e-006 0 0
1.041e-006 0 0
1.0417e-006 0 0
1.0424e-006 0 0
1.0432e-006 0 0
1.0439e-006 0 0
1.0446e-006 0 0
1.0453e-006 0 0
1.046e-006 0 0
1.0467e-006 0 0
1.0474e-006 0 0
1.0474e-006 0.00022062 0.00017683
1.0481e-006 4.7474e-005 0.00018969
1.0488e-006 7.2316e-005 0.0002178
1.0495e-006 0.00025853 0.00026498
1.0503e-006 0.00062083 0.00026909
1.051e-006 0.0010945 0.00022508
1.0517e-006 0.001411 0.00020695
1.0524e-006 0.0014834 0.00022268
1.0531e-006 0.0012995 0.00025054
1.0538e-006 0.00093391 0.00025081
1.0546e-006 0.00050872 0.00021801
1.0553e-006 0.00016775 0.00018677
1.056e-006 3.9926e-005 0.00019536
1.0567e-006 0.00016912 0.00024592
1.0574e-006 0.00045046 0.00032189
1.0582e-006 0.0010369 0.00031133
1.0589e-006 0.001544 0.00031042
1.0596e-006 0.0018524 0.00030714
1.0603e-006 0.0018493 0.00033739
1.0611e-006 0.0015028 0.00041449
1.0618e-006 0.00096226 0.00042095
1.0625e-006 0.00043633 0.00033131
1.0632e-006 0.00010384 0.00026598
1.064e-006 8.6274e-005 0.00025726
1.0647e-006 0.00027177 0.00031598
1.0654e-006 0.00095581 0.00032013
1.0662e-006 0.001728 0.00045866
1.0669e-006 0.0022864 0.00060536
1.0676e-006 0.0024695 0.00067302
1.0684e-006 0.002224 0.00070629
1.0691e-006 0.0016624 0.00070655
1.0698e-006 0.00096641 0.00058027
1.0706e-006 0.00035077 0.00039772
1.0713e-006 8.2082e-005 0.00031124
1.072e-006 0.00029097 0.00030639
1.0728e-006 0.00084101 0.00030081
1.0735e-006 0.0019675 0.00041152
1.0743e-006 0.0030472 0.00067935
1.075e-006 0.0037732 0.0010519
1.0758e-006 0.0038332 0.0014708
1.0765e-006 0.0031465 0.0016696
1.0772e-006 0.0020488 0.0014006
1.078e-006 0.00097721 0.00087486
1.0787e-006 0.00030731 0.0004959
1.0795e-006 0.00040676 0.00030446
1.0802e-006 0.001134 0.00032468
1.081e-006 0.0033837 0.00081928
1.0817e-006 0.0058488 0.0019846
1.0825e-006 0.0077519 0.0030019
1.0832e-006 0.0086268 0.0034725
1.084e-006 0.0082429 0.0036744
1.0847e-006 0.0067548 0.0037467
1.0855e-006 0.0046723 0.0032133
1.0862e-006 0.0029382 0.002063
1.087e-006 0.0028977 0.0012695
1.0878e-006 0.0054819 0.0018299
1.0885e-006 0.010315 0.0035887
1.0893e-006 0.019812 0.0090635
1.09e-006 0.030014 0.015753
1.0908e-006 0.039012 0.022411
1.0916e-006 0.045128 0.027034
1.0923e-006 0.047594 0.028642
1.0931e-006 0.047229 0.028573
1.0938e-006 0.046537 0.027342
1.0946e-006 0.04852 0.02641
1.0954e-006 0.05754 0.031424
1.0961e-006 0.073938 0.042547
1.0969e-006 0.11188 0.078057
1.0977e-006 0.16946 0.1316
1.0984e-006 0.23982 0.19262
1.0992e-006 0.3208 0.25683
1.1e-006 0.40972 0.32498
1.1008e-006 0.50193 0.4008
1.1015e-006 0.59232 0.48422
1.1023e-006 0.67334 0.57085
1.1031e-006 0.73381 0.65318
1.1038e-006 0.76454 0.71828
1.1046e-006 0.76429 0.75507
1.1054e-006 0.70506 0.73035
1.1062e-006 0.62368 0.66711
1.107e-006 0.53063 0.58597
1.1077e-006 0.43341 0.49648
1.1085e-006 0.33755 0.4035
1.1093e-006 0.24701 0.31121
1.1101e-006 0.16582 0.22238
1.1109e-006 0.098135 0.1399
1.1116e-006 0.046237 0.069191
1.1124e-006 0 0
1.1132e-006 0 0
1.114e-006 0 0
1.1148e-006 0 0
1.1156e-006 0 0
1.1164e-006 0 0
1.1172e-006 0 0
1.1179e-006 0 0
1.1187e-006 0 0
1.1195e-006 0 0
1.1203e-006 0 0
1.1211e-006 0 0
1.1219e-006 0 0
1.1227e-006 0 0
1.1235e-006 0 0
1.1243e-006 0 0
1.1251e-006 0 0
1.1259e-006 0 0
1.1267e-006 0 0
1.1275e-006 0 0
1.1283e-006 0 0
1.1291e-006 0 0
1.1299e-006 0 0
1.1307e-006 0 0
1.1315e-006 0 0
1.1323e-006 0 0
1.1331e-006 0 0
1.134e-006 0 0
1.1348e-006 0 0
1.1356e-006 0 0
1.1364e-006 0 0
1.1372e-006 0 0
1.138e-006 0 0
1.1388e-006 0 0
1.1397e-006 0 0
1.1405e-006 0 0
0 0 0
0 0 0
0 0 0
0 0 0
0 0 0
0 0 0
0 0 0
0 0 0
0 0 0
0 0 0
0 0 0
0 0 0
0 0 0
0 0 0
0 0 0
0 0 0
0 0 0
0 0 0
0 0 0
0 0 0
0 0 0
0 0 0
0 0 0
0 0 0
0 0 0
0 0 0
0 0 0
0 0 0
0 0 0
0 0 0
0 0 0
0 0 0
0 0 0
0 0 0
0 0 0
0 0 0
0 0 0
0 0 0
0 0 0
0 0 0
0 0 0
0 0 0
0 0 0
0 0 0
0 0 0
0 0 0
0 0 0
0 0 0
0 0 0
0 0 0
0 0 0
0 0 0
0 0 0
0 0 0
0 0 0
0 0 0
0 0 0
0 0 0
0 0 0
0 0 0
0 0 0
0 0 0
0 0 0
0 0 0
0 0 0
0 0 0
0 0 0
0 0 0
0 0 0
0 0 0
0 0 0
0 0 0
0 0 0
0 0 0
0 0 0
0 0 0
0 0 0
0 0 0
0 0 0
0 0 0
0 0 0
0 0 0
0 0 0
0 0 0
0 0 0
0 0 0
0 0 0
0 0 0
0 0 0
0 0 0
0 0 0
0 0 0
0 0 0
0 0 0
0 0 0
0 0 0
0 0 0
0 0 0
0 0 0
0 0 0
0 0 0
0 0 0
0 0 0
0 0 0
0 0 0
0 0 0
0 0 0
0 0 0
0 0 0
0 0 0
0 0 0
0 0 0
0 0 0
0 0 0
0 0 0
0 0 0
0 0 0
0 0 0
0 0 0
0 0 0
0 0 0
0 0 0
0 0 0
0 0 0
0 0 0
0 0 0
0 0 0
0 0 0
0 0 0
0 0 0
0 0 0
0 0 0
0 0 0
0 0 0
0 0 0
0 0 0
0 0 0
0 0 0
0 0 0
0 0 0
0 0 0
0 0 0
0 0 0
0 0 0
0 0 0
0 0 0
0 0 0
0 0 0
0 0 0
0 0 0
0 0 0
0 0 0
0 0 0
0 0 0
0 0 0
0 0 0
0 0 0
0 0 0
0 0 0
0 0 0
0 0 0
0 0 0
0 0 0
0 0 0
0 0 0
0 0 0
0 0 0
0 0 0
0 0 0
0 0 0
0 0 0
0 0 0
0 0 0
0 0 0
0 0 0
0 0 0
