9.506e-007 0.001163 0.0026325
9.512e-007 0.0011156 0.0021492
9.518e-007 0.00076106 0.0015145
9.524e-007 0.00027248 0.0013834
9.5301e-007 8.7536e-005 0.0012105
9.5361e-007 0.0008222 0.00076811
9.5421e-007 0.0029244 0.00045823
9.5482e-007 0.0062884 0.00054378
9.5542e-007 0.010866 0.002181
9.5603e-007 0.017012 0.0049318
9.5664e-007 0.022147 0.0074542
9.5725e-007 0.025143 0.0096832
9.5785e-007 0.026669 0.012401
9.5846e-007 0.026478 0.015324
9.5907e-007 0.027531 0.017884
9.5968e-007 0.033887 0.022005
9.6029e-007 0.046383 0.030723
9.6091e-007 0.069617 0.043819
9.6152e-007 0.10956 0.064918
9.6213e-007 0.16672 0.10116
9.6275e-007 0.24602 0.16041
9.6336e-007 0.33809 0.24182
9.6397e-007 0.4365 0.33754
9.6459e-007 0.5349 0.4367
9.6521e-007 0.61728 0.52904
9.6582e-007 0.68228 0.609
9.6644e-007 0.72398 0.67245
9.6706e-007 0.73603 0.7083
9.6768e-007 0.6946 0.6961
9.683e-007 0.65327 0.68381
9.6892e-007 0.56798 0.62508
9.6954e-007 0.47038 0.54049
9.7017e-007 0.3697 0.4401
9.7079e-007 0.2741 0.33778
9.7141e-007 0.19032 0.23916
9.7204e-007 0.12056 0.15327
9.7266e-007 0.066789 0.084764
9.7329e-007 0.029234 0.035798
9.7392e-007 0.0083578 0.0073473
9.7454e-007 0 0
9.7517e-007 0 0
9.758e-007 0 0
9.7643e-007 0 0
9.7706e-007 0 0
9.7769e-007 0 0
9.7832e-007 0 0
9.7895e-007 0 0
9.7959e-007 0 0
9.8022e-007 0 0
9.8086e-007 0 0
9.8149e-007 0 0
9.8213e-007 0 0
9.8276e-007 0 0
9.834e-007 0 0
9.8404e-007 0 0
9.8468e-007 0 0
9.8532e-007 0 0
9.8596e-007 0 0
9.866e-007 0 0
9.8724e-007 0 0
9.8788e-007 0 0
9.8853e-007 0 0
9.8917e-007 0 0
9.8982e-007 0 0
9.9046e-007 0 0
9.9111e-007 0 0
9.9175e-007 0 0
9.924e-007 0 0
9.9305e-007 0 0
9.937e-007 0 0
9.9435e-007 0 0
9.95e-007 0 0
9.9565e-007 0 0
9.963e-007 0 0
9.9696e-007 0 0
9.9761e-007 0 0
9.9826e-007 0 0
9.9892e-007 0 0
9.9958e-007 0 0
1.0002e-006 0 0
1.0009e-006 0 0
1.0015e-006 0 0
1.0022e-006 0 0
1.0029e-006 0 0
1.0035e-006 0 0
1.0042e-006 0 0
1.0049e-006 0 0
1.0055e-006 0 0
1.0062e-006 0 0
1.0068e-006 0 0
1.0075e-006 0 0
1.0082e-006 0 0
1.0088e-006 0 0
1.0095e-006 0 0
1.0102e-006 0 0
1.0108e-006 0 0
1.0115e-006 0 0
1.0122e-006 0 0
1.0129e-006 0 0
1.0135e-006 0 0
1.0142e-006 0 0
1.0149e-006 0 0
1.0155e-006 0 0
1.0162e-006 0 0
1.0169e-006 0 0
1.0176e-006 0 0
1.0182e-006 0 0
1.0189e-006 0 0
1.0196e-006 0 0
1.0203e-006 0 0
1.021e-006 0 0
1.0216e-006 0 0
1.0223e-006 0 0
1.023e-006 0 0
1.0237e-006 0 0
1.0244e-006 0 0
1.0251e-006 0 0
1.0257e-006 0 0
1.0264e-006 0 0
1.0271e-006 0 0
1.0278e-006 0 0
1.0285e-006 0 0
1.0292e-006 0 0
1.0299e-006 0 0
1.0306e-006 0 0
1.0313e-006 0 0
1.032e-006 0 0
1.0327e-006 0 0
1.0333e-006 0 0
1.034e-006 0 0
1.0347e-006 0 0
1.0354e-006 0 0
1.0361e-006 0 0
1.0368e-006 0 0
1.0375e-006 0 0
1.0382e-006 0 0
1.0389e-006 0 0
1.0396e-006 0 0
1.0403e-006 0 0
1.041e-006 0 0
1.0417e-006 0 0
1.0424e-006 0 0
1.0432e-006 0 0
1.0439e-006 0 0
1.0446e-006 0 0
1.0453e-006 0 0
1.046e-006 0 0
1.0467e-006 0 0
1.0474e-006 0 0
0 0 0
0 0 0
0 0 0
0 0 0
0 0 0
0 0 0
0 0 0
0 0 0
0 0 0
0 0 0
0 0 0
0 0 0
0 0 0
0 0 0
0 0 0
0 0 0
0 0 0
0 0 0
0 0 0
0 0 0
0 0 0
0 0 0
0 0 0
0 0 0
0 0 0
0 0 0
0 0 0
0 0 0
0 0 0
0 0 0
0 0 0
0 0 0
0 0 0
0 0 0
0 0 0
0 0 0
0 0 0
0 0 0
0 0 0
0 0 0
0 0 0
0 0 0
0 0 0
0 0 0
0 0 0
0 0 0
0 0 0
0 0 0
0 0 0
0 0 0
0 0 0
0 0 0
0 0 0
0 0 0
0 0 0
0 0 0
0 0 0
0 0 0
0 0 0
0 0 0
0 0 0
0 0 0
0 0 0
0 0 0
0 0 0
0 0 0
0 0 0
0 0 0
0 0 0
0 0 0
0 0 0
0 0 0
0 0 0
0 0 0
0 0 0
0 0 0
0 0 0
0 0 0
0 0 0
0 0 0
0 0 0
0 0 0
0 0 0
0 0 0
0 0 0
0 0 0
0 0 0
0 0 0
0 0 0
0 0 0
0 0 0
0 0 0
0 0 0
0 0 0
0 0 0
0 0 0
0 0 0
0 0 0
0 0 0
0 0 0
0 0 0
0 0 0
0 0 0
0 0 0
0 0 0
0 0 0
0 0 0
0 0 0
0 0 0
0 0 0
0 0 0
0 0 0
0 0 0
0 0 0
0 0 0
0 0 0
0 0 0
0 0 0
0 0 0
0 0 0
0 0 0
0 0 0
0 0 0
0 0 0
0 0 0
0 0 0
0 0 0
0 0 0
0 0 0
0 0 0
0 0 0
0 0 0
0 0 0
0 0 0
0 0 0
0 0 0
0 0 0
0 0 0
0 0 0
0 0 0
0 0 0
0 0 0
0 0 0
0 0 0
0 0 0
0 0 0
0 0 0
0 0 0
0 0 0
0 0 0
0 0 0
0 0 0
0 0 0
0 0 0
0 0 0
0 0 0
0 0 0
0 0 0
0 0 0
0 0 0
0 0 0
0 0 0
0 0 0
0 0 0
0 0 0
0 0 0
0 0 0
0 0 0
0 0 0
0 0 0
0 0 0
0 0 0
0 0 0
0 0 0
0 0 0
0 0 0
0 0 0
0 0 0
0 0 0
0 0 0
0 0 0
0 0 0
0 0 0
0 0 0
0 0 0
0 0 0
0 0 0
0 0 0
0 0 0
0 0 0
0 0 0
0 0 0
0 0 0
0 0 0
0 0 0
0 0 0
0 0 0
0 0 0
0 0 0
0 0 0
0 0 0
0 0 0
0 0 0
0 0 0
0 0 0
0 0 0
0 0 0
0 0 0
0 0 0
0 0 0
0 0 0
0 0 0
0 0 0
0 0 0
0 0 0
0 0 0
0 0 0
0 0 0
0 0 0
0 0 0
0 0 0
0 0 0
0 0 0
0 0 0
0 0 0
0 0 0
0 0 0
0 0 0
0 0 0
0 0 0
0 0 0
0 0 0
0 0 0
0 0 0
0 0 0
0 0 0
0 0 0
0 0 0
0 0 0
0 0 0
0 0 0
0 0 0
0 0 0
0 0 0
0 0 0
0 0 0
0 0 0
0 0 0
0 0 0
0 0 0
0 0 0
0 0 0
0 0 0
0 0 0
0 0 0
0 0 0
0 0 0
0 0 0
0 0 0
0 0 0
0 0 0
0 0 0
0 0 0
0 0 0
0 0 0
0 0 0
0 0 0
0 0 0
0 0 0
0 0 0
0 0 0
0 0 0
0 0 0
0 0 0
0 0 0
0 0 0
0 0 0
0 0 0
0 0 0
0 0 0
0 0 0
0 0 0
0 0 0
0 0 0
0 0 0
0 0 0
0 0 0
0 0 0
0 0 0
0 0 0
0 0 0
0 0 0
0 0 0
0 0 0
0 0 0
0 0 0
0 0 0
0 0 0
0 0 0
