9.506e-007 0 0
9.512e-007 0 0
9.518e-007 0 0
9.524e-007 0 0
9.5301e-007 0 0
9.5361e-007 0 0
9.5421e-007 0 0
9.5482e-007 0 0
9.5542e-007 0 0
9.5603e-007 0 0
9.5664e-007 0 0
9.5725e-007 0 0
9.5785e-007 0 0
9.5846e-007 0 0
9.5907e-007 0 0
9.5968e-007 0 0
9.6029e-007 0 0
9.6091e-007 0 0
9.6152e-007 0 0
9.6213e-007 0 0
9.6275e-007 0 0
9.6336e-007 0 0
9.6397e-007 0 0
9.6459e-007 0 0
9.6521e-007 0 0
9.6582e-007 0 0
9.6644e-007 0 0
9.6706e-007 0 0
9.6768e-007 0 0
9.683e-007 0 0
9.6892e-007 0 0
9.6954e-007 0 0
9.7017e-007 0 0
9.7079e-007 0 0
9.7141e-007 0 0
9.7204e-007 0 0
9.7266e-007 0 0
9.7329e-007 0 0
9.7392e-007 0 0
9.7454e-007 0 0
9.7517e-007 0 0
9.758e-007 0 0
9.7643e-007 0 0
9.7706e-007 0 0
9.7769e-007 0 0
9.7832e-007 0 0
9.7895e-007 0 0
9.7959e-007 0 0
9.8022e-007 0 0
9.8086e-007 0 0
9.8149e-007 0 0
9.8213e-007 0 0
9.8276e-007 0 0
9.834e-007 0 0
9.8404e-007 0 0
9.8468e-007 0 0
9.8532e-007 0 0
9.8596e-007 0 0
9.866e-007 0 0
9.8724e-007 0 0
9.8788e-007 0 0
9.8853e-007 0 0
9.8917e-007 0 0
9.8982e-007 0 0
9.9046e-007 0 0
9.9111e-007 0 0
9.9175e-007 0 0
9.924e-007 0 0
9.9305e-007 0 0
9.937e-007 0 0
9.9435e-007 0 0
9.95e-007 0 0
9.9565e-007 0 0
9.963e-007 0 0
9.9696e-007 0 0
9.9761e-007 0 0
9.9826e-007 0 0
9.9892e-007 0 0
9.9958e-007 0 0
1.0002e-006 0 0
1.0009e-006 0 0
1.0015e-006 0 0
1.0022e-006 0 0
1.0029e-006 0 0
1.0035e-006 0 0
1.0042e-006 0 0
1.0049e-006 0 0
1.0055e-006 0 0
1.0062e-006 0 0
1.0068e-006 0 0
1.0075e-006 0 0
1.0082e-006 0 0
1.0088e-006 0 0
1.0095e-006 0 0
1.0102e-006 0 0
1.0108e-006 0 0
1.0115e-006 0 0
1.0122e-006 0 0
1.0129e-006 0 0
1.0135e-006 0 0
1.0142e-006 0 0
1.0149e-006 0 0
1.0155e-006 0 0
1.0162e-006 0 0
1.0169e-006 0 0
1.0176e-006 0 0
1.0182e-006 0 0
1.0189e-006 0 0
1.0196e-006 0 0
1.0203e-006 0 0
1.021e-006 0 0
1.0216e-006 0 0
1.0223e-006 0 0
1.023e-006 0 0
1.0237e-006 0 0
1.0244e-006 0 0
1.0251e-006 0 0
1.0257e-006 0 0
1.0264e-006 0 0
1.0271e-006 0 0
1.0278e-006 0 0
1.0285e-006 0 0
1.0292e-006 0 0
1.0299e-006 0 0
1.0306e-006 0 0
1.0313e-006 0 0
1.032e-006 0 0
1.0327e-006 0 0
1.0333e-006 0 0
1.034e-006 0 0
1.0347e-006 0 0
1.0354e-006 0 0
1.0361e-006 0 0
1.0368e-006 0 0
1.0375e-006 0 0
1.0382e-006 0 0
1.0389e-006 0 0
1.0396e-006 0 0
1.0403e-006 0 0
1.041e-006 0 0
1.0417e-006 0 0
1.0424e-006 0 0
1.0432e-006 0 0
1.0439e-006 0 0
1.0446e-006 0 0
1.0453e-006 0 0
1.046e-006 0 0
1.0467e-006 0 0
1.0474e-006 0 0
1.0474e-006 0.00032018 0.00028193
1.0481e-006 7.0607e-005 0.00020403
1.0488e-006 5.7071e-005 0.00018184
1.0495e-006 0.00026022 0.00024117
1.0503e-006 0.00068697 0.00027208
1.051e-006 0.0012715 0.00026486
1.0517e-006 0.0016844 0.00031454
1.0524e-006 0.0018127 0.00040022
1.0531e-006 0.0016363 0.00045073
1.0538e-006 0.0012217 0.00043303
1.0546e-006 0.00069661 0.00036331
1.0553e-006 0.00024434 0.00026688
1.056e-006 4.0281e-005 0.0001967
1.0567e-006 0.00016549 0.0002016
1.0574e-006 0.00052332 0.00028833
1.0582e-006 0.0012919 0.0003641
1.0589e-006 0.0019748 0.00045431
1.0596e-006 0.0023853 0.00053226
1.0603e-006 0.0023735 0.0006103
1.0611e-006 0.0019473 0.00068778
1.0618e-006 0.0012885 0.00068433
1.0625e-006 0.00059547 0.00056275
1.0632e-006 0.00012686 0.00035606
1.064e-006 0.0001114 0.00020274
1.0647e-006 0.0003936 0.00027693
1.0654e-006 0.0013717 0.00039113
1.0662e-006 0.0024914 0.0006431
1.0669e-006 0.0033641 0.00090314
1.0676e-006 0.0037156 0.0011665
1.0684e-006 0.0033605 0.0014669
1.0691e-006 0.0024518 0.0014881
1.0698e-006 0.0013586 0.0010349
1.0706e-006 0.00047522 0.00057362
1.0713e-006 0.00021843 0.00034964
1.072e-006 0.00079492 0.00021924
1.0728e-006 0.0020953 0.00032271
1.0735e-006 0.0046422 0.0012143
1.0743e-006 0.007002 0.0024223
1.075e-006 0.0083757 0.0034403
1.0758e-006 0.008376 0.004015
1.0765e-006 0.0072071 0.0040424
1.0772e-006 0.0052394 0.003452
1.078e-006 0.0031668 0.0022934
1.0787e-006 0.0024057 0.0010816
1.0795e-006 0.0041732 0.0010447
1.0802e-006 0.0073418 0.0025379
1.081e-006 0.015293 0.0069249
1.0817e-006 0.025322 0.012987
1.0825e-006 0.035231 0.018961
1.0832e-006 0.042871 0.024357
1.084e-006 0.04653 0.028309
1.0847e-006 0.046624 0.028979
1.0855e-006 0.045578 0.026387
1.0862e-006 0.046228 0.024382
1.087e-006 0.052539 0.027318
1.0878e-006 0.069642 0.039164
1.0885e-006 0.094782 0.062051
1.0893e-006 0.1451 0.11093
1.09e-006 0.20971 0.16857
1.0908e-006 0.28587 0.22865
1.0916e-006 0.37222 0.29337
1.0923e-006 0.46481 0.36766
1.0931e-006 0.55823 0.44891
1.0938e-006 0.64482 0.53538
1.0946e-006 0.71462 0.62464
1.0954e-006 0.75687 0.70092
1.0961e-006 0.778 0.75271
1.0969e-006 0.73151 0.74868
1.0977e-006 0.65647 0.6956
1.0984e-006 0.56719 0.61763
1.0992e-006 0.47112 0.52978
1.1e-006 0.37376 0.43927
1.1008e-006 0.28031 0.34737
1.1015e-006 0.19508 0.25599
1.1023e-006 0.12186 0.16976
1.1031e-006 0.064028 0.094135
1.1038e-006 0.021351 0.032586
1.1046e-006 0 0
1.1054e-006 0 0
1.1062e-006 0 0
1.107e-006 0 0
1.1077e-006 0 0
1.1085e-006 0 0
1.1093e-006 0 0
1.1101e-006 0 0
1.1109e-006 0 0
1.1116e-006 0 0
1.1124e-006 0 0
1.1132e-006 0 0
1.114e-006 0 0
1.1148e-006 0 0
1.1156e-006 0 0
1.1164e-006 0 0
1.1172e-006 0 0
1.1179e-006 0 0
1.1187e-006 0 0
1.1195e-006 0 0
1.1203e-006 0 0
1.1211e-006 0 0
1.1219e-006 0 0
1.1227e-006 0 0
1.1235e-006 0 0
1.1243e-006 0 0
1.1251e-006 0 0
1.1259e-006 0 0
1.1267e-006 0 0
1.1275e-006 0 0
1.1283e-006 0 0
1.1291e-006 0 0
1.1299e-006 0 0
1.1307e-006 0 0
1.1315e-006 0 0
1.1323e-006 0 0
1.1331e-006 0 0
1.134e-006 0 0
1.1348e-006 0 0
1.1356e-006 0 0
1.1364e-006 0 0
1.1372e-006 0 0
1.138e-006 0 0
1.1388e-006 0 0
1.1397e-006 0 0
1.1405e-006 0 0
0 0 0
0 0 0
0 0 0
0 0 0
0 0 0
0 0 0
0 0 0
0 0 0
0 0 0
0 0 0
0 0 0
0 0 0
0 0 0
0 0 0
0 0 0
0 0 0
0 0 0
0 0 0
0 0 0
0 0 0
0 0 0
0 0 0
0 0 0
0 0 0
0 0 0
0 0 0
0 0 0
0 0 0
0 0 0
0 0 0
0 0 0
0 0 0
0 0 0
0 0 0
0 0 0
0 0 0
0 0 0
0 0 0
0 0 0
0 0 0
0 0 0
0 0 0
0 0 0
0 0 0
0 0 0
0 0 0
0 0 0
0 0 0
0 0 0
0 0 0
0 0 0
0 0 0
0 0 0
0 0 0
0 0 0
0 0 0
0 0 0
0 0 0
0 0 0
0 0 0
0 0 0
0 0 0
0 0 0
0 0 0
0 0 0
0 0 0
0 0 0
0 0 0
0 0 0
0 0 0
0 0 0
0 0 0
0 0 0
0 0 0
0 0 0
0 0 0
0 0 0
0 0 0
0 0 0
0 0 0
0 0 0
0 0 0
0 0 0
0 0 0
0 0 0
0 0 0
0 0 0
0 0 0
0 0 0
0 0 0
0 0 0
0 0 0
0 0 0
0 0 0
0 0 0
0 0 0
0 0 0
0 0 0
0 0 0
0 0 0
0 0 0
0 0 0
0 0 0
0 0 0
0 0 0
0 0 0
0 0 0
0 0 0
0 0 0
0 0 0
0 0 0
0 0 0
0 0 0
0 0 0
0 0 0
0 0 0
0 0 0
0 0 0
0 0 0
0 0 0
0 0 0
0 0 0
0 0 0
0 0 0
0 0 0
0 0 0
0 0 0
0 0 0
0 0 0
0 0 0
0 0 0
0 0 0
0 0 0
0 0 0
0 0 0
0 0 0
0 0 0
0 0 0
0 0 0
0 0 0
0 0 0
0 0 0
0 0 0
0 0 0
0 0 0
0 0 0
0 0 0
0 0 0
0 0 0
0 0 0
0 0 0
0 0 0
0 0 0
0 0 0
0 0 0
0 0 0
0 0 0
0 0 0
0 0 0
0 0 0
0 0 0
0 0 0
0 0 0
0 0 0
0 0 0
0 0 0
0 0 0
0 0 0
0 0 0
0 0 0
0 0 0
0 0 0
0 0 0
0 0 0
0 0 0
0 0 0
