9.506e-007 0.0013025 0.00040823
9.512e-007 0.0012859 0.00026073
9.518e-007 0.001029 0.00037586
9.524e-007 0.00065555 0.00054196
9.5301e-007 0.00027443 0.00070283
9.5361e-007 3.3624e-005 0.00074051
9.5421e-007 2.5731e-005 0.00059786
9.5482e-007 0.00027093 0.00050458
9.5542e-007 0.0006651 0.00052837
9.5603e-007 0.0010509 0.00058559
9.5664e-007 0.0012814 0.00056803
9.5725e-007 0.0012571 0.00061306
9.5785e-007 0.0011085 0.0005252
9.5846e-007 0.00077712 0.00044238
9.5907e-007 0.00040621 0.00056075
9.5968e-007 0.00012165 0.00073073
9.6029e-007 7.8307e-007 0.00076806
9.6091e-007 0.0001231 0.00068005
9.6152e-007 0.00050034 0.00056046
9.6213e-007 0.00090853 0.00055176
9.6275e-007 0.0013044 0.00068272
9.6336e-007 0.0015408 0.0007112
9.6397e-007 0.0014575 0.00069508
9.6459e-007 0.0010748 0.00073451
9.6521e-007 0.00057149 0.00076027
9.6582e-007 0.0002061 0.0006658
9.6644e-007 1.8097e-005 0.00070468
9.6706e-007 5.3181e-005 0.00083809
9.6768e-007 0 0
9.683e-007 0.00069866 0.00074567
9.6892e-007 0.0011491 0.00077412
9.6954e-007 0.0014941 0.00082407
9.7017e-007 0.0015229 0.00079613
9.7079e-007 0.0012569 0.00085928
9.7141e-007 0.00091791 0.00091893
9.7204e-007 0.00055619 0.00092442
9.7266e-007 0.00017671 0.00094463
9.7329e-007 1.1954e-005 0.00083466
9.7392e-007 0.00016884 0.00068941
9.7454e-007 0.00047045 0.0007585
9.7517e-007 0.0009314 0.00093709
9.758e-007 0.0013006 0.0011536
9.7643e-007 0.0015361 0.00116
9.7706e-007 0.0015321 0.001012
9.7769e-007 0.0011577 0.0010116
9.7832e-007 0.00064961 0.00098707
9.7895e-007 0.00025385 0.00072889
9.7959e-007 7.0793e-005 0.00058616
9.8022e-007 0.00011593 0.0007856
9.8086e-007 0.00039031 0.00099021
9.8149e-007 0.00087828 0.00094947
9.8213e-007 0.0012676 0.0011916
9.8276e-007 0.0014604 0.0014921
9.834e-007 0.0013441 0.0015354
9.8404e-007 0.0010261 0.0012646
9.8468e-007 0.00068337 0.0010058
9.8532e-007 0.00039878 0.00082493
9.8596e-007 0.00028762 0.00063097
9.866e-007 0.00042134 0.00059529
9.8724e-007 0.00068352 0.00074092
9.8788e-007 0.0011707 0.00088917
9.8853e-007 0.0013908 0.0011449
9.8917e-007 0.0013756 0.0014382
9.8982e-007 0.0011507 0.0014348
9.9046e-007 0.00065219 0.0013668
9.9111e-007 0.00020877 0.0013122
9.9175e-007 0.00010476 0.00098772
9.924e-007 0.00044738 0.00047491
9.9305e-007 0.001241 0.00029696
9.937e-007 0.0021576 0.00047779
9.9435e-007 0.0036332 0.00090229
9.95e-007 0.0044739 0.0016595
9.9565e-007 0.0045966 0.0022851
9.963e-007 0.0036042 0.0020921
9.9696e-007 0.0021511 0.0016877
9.9761e-007 0.0012418 0.0013178
9.9826e-007 0.0010723 0.00079494
9.9892e-007 0.0025982 0.0004347
9.9958e-007 0.0068978 0.00094126
1.0002e-006 0.013162 0.0025979
1.0009e-006 0.020728 0.0055486
1.0015e-006 0.029391 0.0089098
1.0022e-006 0.036674 0.011844
1.0029e-006 0.040589 0.014239
1.0035e-006 0.042254 0.01676
1.0042e-006 0.043214 0.018485
1.0049e-006 0.044784 0.02049
1.0055e-006 0.05148 0.026598
1.0062e-006 0.067898 0.037267
1.0068e-006 0.096053 0.054612
1.0075e-006 0.13839 0.0861
1.0082e-006 0.206 0.12903
1.0088e-006 0.28987 0.1853
1.0095e-006 0.38381 0.26571
1.0102e-006 0.48554 0.36449
1.0108e-006 0.58443 0.46963
1.0115e-006 0.6668 0.57467
1.0122e-006 0.72585 0.66358
1.0129e-006 0.75517 0.72093
1.0135e-006 0.75301 0.74853
1.0142e-006 0.7255 0.7439
1.0149e-006 0.64773 0.69339
1.0155e-006 0.55358 0.61854
1.0162e-006 0.45606 0.53268
1.0169e-006 0.35796 0.43565
1.0176e-006 0.26264 0.33199
1.0182e-006 0.17853 0.23092
1.0189e-006 0.11045 0.14243
1.0196e-006 0.058699 0.073465
1.0203e-006 0.023557 0.026668
1.021e-006 0 0
1.0216e-006 0 0
1.0223e-006 0 0
1.023e-006 0 0
1.0237e-006 0 0
1.0244e-006 0 0
1.0251e-006 0 0
1.0257e-006 0 0
1.0264e-006 0 0
1.0271e-006 0 0
1.0278e-006 0 0
1.0285e-006 0 0
1.0292e-006 0 0
1.0299e-006 0 0
1.0306e-006 0 0
1.0313e-006 0 0
1.032e-006 0 0
1.0327e-006 0 0
1.0333e-006 0 0
1.034e-006 0 0
1.0347e-006 0 0
1.0354e-006 0 0
1.0361e-006 0 0
1.0368e-006 0 0
1.0375e-006 0 0
1.0382e-006 0 0
1.0389e-006 0 0
1.0396e-006 0 0
1.0403e-006 0 0
1.041e-006 0 0
1.0417e-006 0 0
1.0424e-006 0 0
1.0432e-006 0 0
1.0439e-006 0 0
1.0446e-006 0 0
1.0453e-006 0 0
1.046e-006 0 0
1.0467e-006 0 0
1.0474e-006 0 0
0 0 0
0 0 0
0 0 0
0 0 0
0 0 0
0 0 0
0 0 0
0 0 0
0 0 0
0 0 0
0 0 0
0 0 0
0 0 0
0 0 0
0 0 0
0 0 0
0 0 0
0 0 0
0 0 0
0 0 0
0 0 0
0 0 0
0 0 0
0 0 0
0 0 0
0 0 0
0 0 0
0 0 0
0 0 0
0 0 0
0 0 0
0 0 0
0 0 0
0 0 0
0 0 0
0 0 0
0 0 0
0 0 0
0 0 0
0 0 0
0 0 0
0 0 0
0 0 0
0 0 0
0 0 0
0 0 0
0 0 0
0 0 0
0 0 0
0 0 0
0 0 0
0 0 0
0 0 0
0 0 0
0 0 0
0 0 0
0 0 0
0 0 0
0 0 0
0 0 0
0 0 0
0 0 0
0 0 0
0 0 0
0 0 0
0 0 0
0 0 0
0 0 0
0 0 0
0 0 0
0 0 0
0 0 0
0 0 0
0 0 0
0 0 0
0 0 0
0 0 0
0 0 0
0 0 0
0 0 0
0 0 0
0 0 0
0 0 0
0 0 0
0 0 0
0 0 0
0 0 0
0 0 0
0 0 0
0 0 0
0 0 0
0 0 0
0 0 0
0 0 0
0 0 0
0 0 0
0 0 0
0 0 0
0 0 0
0 0 0
0 0 0
0 0 0
0 0 0
0 0 0
0 0 0
0 0 0
0 0 0
0 0 0
0 0 0
0 0 0
0 0 0
0 0 0
0 0 0
0 0 0
0 0 0
0 0 0
0 0 0
0 0 0
0 0 0
0 0 0
0 0 0
0 0 0
0 0 0
0 0 0
0 0 0
0 0 0
0 0 0
0 0 0
0 0 0
0 0 0
0 0 0
0 0 0
0 0 0
0 0 0
0 0 0
0 0 0
0 0 0
0 0 0
0 0 0
0 0 0
0 0 0
0 0 0
0 0 0
0 0 0
0 0 0
0 0 0
0 0 0
0 0 0
0 0 0
0 0 0
0 0 0
0 0 0
0 0 0
0 0 0
0 0 0
0 0 0
0 0 0
0 0 0
0 0 0
0 0 0
0 0 0
0 0 0
0 0 0
0 0 0
0 0 0
0 0 0
0 0 0
0 0 0
0 0 0
0 0 0
0 0 0
0 0 0
0 0 0
0 0 0
0 0 0
0 0 0
0 0 0
0 0 0
0 0 0
0 0 0
0 0 0
0 0 0
0 0 0
0 0 0
0 0 0
0 0 0
0 0 0
0 0 0
0 0 0
0 0 0
0 0 0
0 0 0
0 0 0
0 0 0
0 0 0
0 0 0
0 0 0
0 0 0
0 0 0
0 0 0
0 0 0
0 0 0
0 0 0
0 0 0
0 0 0
0 0 0
0 0 0
0 0 0
0 0 0
0 0 0
0 0 0
0 0 0
0 0 0
0 0 0
0 0 0
0 0 0
0 0 0
0 0 0
0 0 0
0 0 0
0 0 0
0 0 0
0 0 0
0 0 0
0 0 0
0 0 0
0 0 0
0 0 0
0 0 0
0 0 0
0 0 0
0 0 0
0 0 0
0 0 0
0 0 0
0 0 0
0 0 0
0 0 0
0 0 0
0 0 0
0 0 0
0 0 0
0 0 0
0 0 0
0 0 0
0 0 0
0 0 0
0 0 0
0 0 0
0 0 0
0 0 0
0 0 0
0 0 0
0 0 0
0 0 0
0 0 0
0 0 0
0 0 0
0 0 0
0 0 0
0 0 0
0 0 0
0 0 0
0 0 0
0 0 0
0 0 0
0 0 0
0 0 0
0 0 0
0 0 0
0 0 0
0 0 0
0 0 0
0 0 0
0 0 0
0 0 0
0 0 0
0 0 0
0 0 0
0 0 0
0 0 0
0 0 0
0 0 0
0 0 0
0 0 0
0 0 0
0 0 0
0 0 0
0 0 0
0 0 0
0 0 0
0 0 0
0 0 0
0 0 0
0 0 0
0 0 0
0 0 0
0 0 0
0 0 0
