9.506e-007 0.0011082 0.00033019
9.512e-007 0.001045 0.00024911
9.518e-007 0.00079075 0.0002622
9.524e-007 0.00045645 0.00039513
9.5301e-007 0.00016205 0.00056607
9.5361e-007 1.2977e-005 0.00065823
9.5421e-007 4.9762e-005 0.00062773
9.5482e-007 0.0003189 0.00050254
9.5542e-007 0.0007254 0.00039967
9.5603e-007 0.0010582 0.00037849
9.5664e-007 0.0012456 0.00042101
9.5725e-007 0.0011989 0.00048525
9.5785e-007 0.00093766 0.0004723
9.5846e-007 0.00062864 0.00039943
9.5907e-007 0.00029585 0.00043766
9.5968e-007 5.3707e-005 0.00060082
9.6029e-007 9.3688e-006 0.00064511
9.6091e-007 0.00017448 0.00060448
9.6152e-007 0.0005402 0.00058433
9.6213e-007 0.00091635 0.00047211
9.6275e-007 0.0012187 0.00045844
9.6336e-007 0.001359 0.00052566
9.6397e-007 0.001233 0.00049818
9.6459e-007 0.00086101 0.00052753
9.6521e-007 0.00043642 0.00056854
9.6582e-007 0.00013616 0.0005843
9.6644e-007 2.2893e-006 0.00064939
9.6706e-007 8.9963e-005 0.0007922
9.6768e-007 0 0
9.683e-007 0.00073402 0.00064698
9.6892e-007 0.0011182 0.00053162
9.6954e-007 0.001363 0.00052217
9.7017e-007 0.0013143 0.00055351
9.7079e-007 0.00096225 0.00065653
9.7141e-007 0.00061078 0.00063644
9.7204e-007 0.0003071 0.00065506
9.7266e-007 6.1573e-005 0.0007884
9.7329e-007 2.7814e-005 0.00080192
9.7392e-007 0.00027327 0.00063641
9.7454e-007 0.00058547 0.00066469
9.7517e-007 0.0010257 0.00080099
9.758e-007 0.0013002 0.00089909
9.7643e-007 0.0013642 0.0008074
9.7706e-007 0.0012307 0.00063385
9.7769e-007 0.00089682 0.00065155
9.7832e-007 0.00048518 0.00075391
9.7895e-007 0.0001471 0.00074788
9.7959e-007 1.0606e-005 0.00062882
9.8022e-007 7.424e-005 0.0007279
9.8086e-007 0.00032057 0.00093752
9.8149e-007 0.00085303 0.00082181
9.8213e-007 0.0013102 0.00067426
9.8276e-007 0.0014214 0.00084626
9.834e-007 0.0012969 0.001008
9.8404e-007 0.00097181 0.00094263
9.8468e-007 0.00059416 0.00081283
9.8532e-007 0.00027706 0.00072121
9.8596e-007 0.00011767 0.00065816
9.866e-007 0.00020001 0.00058987
9.8724e-007 0.00043566 0.0007503
9.8788e-007 0.00087243 0.0009485
9.8853e-007 0.0011516 0.0010908
9.8917e-007 0.0012375 0.0010995
9.8982e-007 0.0011708 0.0010078
9.9046e-007 0.00094512 0.0010042
9.9111e-007 0.00058164 0.0011533
9.9175e-007 0.0002435 0.0010579
9.924e-007 0.00015921 0.00059866
9.9305e-007 0.00035994 0.00038613
9.937e-007 0.0006816 0.00060929
9.9435e-007 0.0013344 0.00083522
9.95e-007 0.0017038 0.0012346
9.9565e-007 0.0017691 0.0017607
9.963e-007 0.0015632 0.0017216
9.9696e-007 0.00097818 0.0014196
9.9761e-007 0.00036324 0.0013697
9.9826e-007 5.2642e-005 0.0010348
9.9892e-007 0.00018815 0.0005077
9.9958e-007 0.00094672 0.00035166
1.0002e-006 0.0021561 0.00043688
1.0009e-006 0.003488 0.00063748
1.0015e-006 0.0045686 0.0012421
1.0022e-006 0.0050972 0.0020312
1.0029e-006 0.0046213 0.0022135
1.0035e-006 0.0031605 0.001876
1.0042e-006 0.0018486 0.0015734
1.0049e-006 0.0012747 0.0010001
1.0055e-006 0.0019113 0.00041663
1.0062e-006 0.0048921 0.00077835
1.0068e-006 0.010463 0.0018713
1.0075e-006 0.017506 0.0041048
1.0082e-006 0.026091 0.0081137
1.0088e-006 0.034366 0.011403
1.0095e-006 0.040203 0.01268
1.0102e-006 0.04234 0.015406
1.0108e-006 0.043418 0.018828
1.0115e-006 0.044928 0.020226
1.0122e-006 0.048433 0.024035
1.0129e-006 0.060477 0.033528
1.0135e-006 0.085586 0.047485
1.0142e-006 0.12192 0.073012
1.0149e-006 0.17929 0.11428
1.0155e-006 0.25605 0.16908
1.0162e-006 0.34802 0.23842
1.0169e-006 0.44948 0.32996
1.0176e-006 0.55106 0.43272
1.0182e-006 0.63982 0.53554
1.0189e-006 0.70796 0.62995
1.0196e-006 0.74914 0.70225
1.0203e-006 0.75867 0.74257
1.021e-006 0.7446 0.75205
1.0216e-006 0.67982 0.71494
1.0223e-006 0.5911 0.6517
1.023e-006 0.49269 0.56973
1.0237e-006 0.39394 0.47341
1.0244e-006 0.29753 0.36881
1.0251e-006 0.20757 0.26432
1.0257e-006 0.13117 0.16983
1.0264e-006 0.073087 0.093313
1.0271e-006 0.033037 0.038889
1.0278e-006 0.0079249 0.0070766
1.0285e-006 0 0
1.0292e-006 0 0
1.0299e-006 0 0
1.0306e-006 0 0
1.0313e-006 0 0
1.032e-006 0 0
1.0327e-006 0 0
1.0333e-006 0 0
1.034e-006 0 0
1.0347e-006 0 0
1.0354e-006 0 0
1.0361e-006 0 0
1.0368e-006 0 0
1.0375e-006 0 0
1.0382e-006 0 0
1.0389e-006 0 0
1.0396e-006 0 0
1.0403e-006 0 0
1.041e-006 0 0
1.0417e-006 0 0
1.0424e-006 0 0
1.0432e-006 0 0
1.0439e-006 0 0
1.0446e-006 0 0
1.0453e-006 0 0
1.046e-006 0 0
1.0467e-006 0 0
1.0474e-006 0 0
0 0 0
0 0 0
0 0 0
0 0 0
0 0 0
0 0 0
0 0 0
0 0 0
0 0 0
0 0 0
0 0 0
0 0 0
0 0 0
0 0 0
0 0 0
0 0 0
0 0 0
0 0 0
0 0 0
0 0 0
0 0 0
0 0 0
0 0 0
0 0 0
0 0 0
0 0 0
0 0 0
0 0 0
0 0 0
0 0 0
0 0 0
0 0 0
0 0 0
0 0 0
0 0 0
0 0 0
0 0 0
0 0 0
0 0 0
0 0 0
0 0 0
0 0 0
0 0 0
0 0 0
0 0 0
0 0 0
0 0 0
0 0 0
0 0 0
0 0 0
0 0 0
0 0 0
0 0 0
0 0 0
0 0 0
0 0 0
0 0 0
0 0 0
0 0 0
0 0 0
0 0 0
0 0 0
0 0 0
0 0 0
0 0 0
0 0 0
0 0 0
0 0 0
0 0 0
0 0 0
0 0 0
0 0 0
0 0 0
0 0 0
0 0 0
0 0 0
0 0 0
0 0 0
0 0 0
0 0 0
0 0 0
0 0 0
0 0 0
0 0 0
0 0 0
0 0 0
0 0 0
0 0 0
0 0 0
0 0 0
0 0 0
0 0 0
0 0 0
0 0 0
0 0 0
0 0 0
0 0 0
0 0 0
0 0 0
0 0 0
0 0 0
0 0 0
0 0 0
0 0 0
0 0 0
0 0 0
0 0 0
0 0 0
0 0 0
0 0 0
0 0 0
0 0 0
0 0 0
0 0 0
0 0 0
0 0 0
0 0 0
0 0 0
0 0 0
0 0 0
0 0 0
0 0 0
0 0 0
0 0 0
0 0 0
0 0 0
0 0 0
0 0 0
0 0 0
0 0 0
0 0 0
0 0 0
0 0 0
0 0 0
0 0 0
0 0 0
0 0 0
0 0 0
0 0 0
0 0 0
0 0 0
0 0 0
0 0 0
0 0 0
0 0 0
0 0 0
0 0 0
0 0 0
0 0 0
0 0 0
0 0 0
0 0 0
0 0 0
0 0 0
0 0 0
0 0 0
0 0 0
0 0 0
0 0 0
0 0 0
0 0 0
0 0 0
0 0 0
0 0 0
0 0 0
0 0 0
0 0 0
0 0 0
0 0 0
0 0 0
0 0 0
0 0 0
0 0 0
0 0 0
0 0 0
0 0 0
0 0 0
0 0 0
0 0 0
0 0 0
0 0 0
0 0 0
0 0 0
0 0 0
0 0 0
0 0 0
0 0 0
0 0 0
0 0 0
0 0 0
0 0 0
0 0 0
0 0 0
0 0 0
0 0 0
0 0 0
0 0 0
0 0 0
0 0 0
0 0 0
0 0 0
0 0 0
0 0 0
0 0 0
0 0 0
0 0 0
0 0 0
0 0 0
0 0 0
0 0 0
0 0 0
0 0 0
0 0 0
0 0 0
0 0 0
0 0 0
0 0 0
0 0 0
0 0 0
0 0 0
0 0 0
0 0 0
0 0 0
0 0 0
0 0 0
0 0 0
0 0 0
0 0 0
0 0 0
0 0 0
0 0 0
0 0 0
0 0 0
0 0 0
0 0 0
0 0 0
0 0 0
0 0 0
0 0 0
0 0 0
0 0 0
0 0 0
0 0 0
0 0 0
0 0 0
0 0 0
0 0 0
0 0 0
0 0 0
0 0 0
0 0 0
0 0 0
0 0 0
0 0 0
0 0 0
0 0 0
0 0 0
0 0 0
0 0 0
0 0 0
0 0 0
0 0 0
0 0 0
0 0 0
0 0 0
0 0 0
0 0 0
0 0 0
0 0 0
0 0 0
0 0 0
0 0 0
0 0 0
0 0 0
0 0 0
0 0 0
0 0 0
0 0 0
0 0 0
0 0 0
0 0 0
0 0 0
0 0 0
0 0 0
0 0 0
0 0 0
0 0 0
0 0 0
0 0 0
0 0 0
0 0 0
0 0 0
0 0 0
0 0 0
0 0 0
0 0 0
0 0 0
0 0 0
0 0 0
